5000 2
0.538709 -18.674000
14.216304 1.132824
-18.537537 -14.199176
-12.941680 8.566384
-16.409937 -13.230561
-18.296385 7.859546
-17.593184 1.984640
-15.548454 -12.327387
11.040114 13.419195
-4.700488 7.325357
8.186546 6.523204
8.314517 6.177440
0.935218 -18.549545
-10.600193 -17.295925
-12.605366 6.666256
5.964470 8.698551
-19.640131 0.358676
-4.128317 8.549299
7.381734 7.062612
16.417295 6.200964
-11.789029 -15.998264
-6.394972 4.166162
14.112895 5.853476
9.497380 5.930358
-17.036306 -0.404537
11.425488 1.588742
-7.684033 0.149360
-17.615585 -1.055005
-13.638645 7.878902
-19.283361 6.148856
18.563309 10.708989
10.476134 2.372613
-4.361891 5.170696
8.180345 4.149601
-0.132594 -17.992315
-6.485242 -15.939962
-13.766623 -13.156221
10.437990 13.985248
-12.929377 -12.412355
-17.827589 3.624710
-3.401021 -17.120642
-4.064426 -18.567577
6.327255 9.130571
-12.672503 2.214772
16.849918 9.095472
-6.757050 5.303607
-19.491392 1.079324
7.211722 2.234769
11.654524 14.427450
-4.026696 4.295459
13.614080 7.861343
-5.540052 5.590731
-17.126410 3.945753
-2.342752 -14.332015
18.841042 12.211877
-13.960917 -12.416172
13.186294 12.344585
-18.159983 -12.691570
-3.916802 -17.441063
-15.520101 10.257258
18.844530 -2.746894
-12.402607 6.717239
-12.362240 -15.671375
-1.614722 -17.822926
14.469125 -0.803115
9.779410 13.596885
-9.952475 -13.638824
-6.105089 3.953067
-12.657978 -17.437376
-16.676380 4.665718
12.078797 4.138658
-19.183514 -12.542577
-15.336367 10.526159
-17.983128 1.055936
-3.713667 3.674815
10.918260 7.767452
5.920142 8.631775
-11.955095 -0.218745
-4.251313 6.603848
12.136686 1.965111
-15.386558 2.447123
-9.450993 -14.363568
8.630501 6.040464
18.783115 5.319456
-15.209245 10.848854
21.841242 7.982735
-10.385528 -2.440000
15.974738 0.473999
7.758537 2.429793
11.350552 9.015930
16.491066 0.079487
19.190893 10.217514
-11.196475 -15.420911
17.337128 1.540834
-4.589521 -18.274590
-12.435172 7.644338
-12.351926 9.745967
10.023240 1.881956
-17.337990 -13.461601
13.126405 14.209277
-8.822622 -0.138694
12.176610 14.491354
7.169921 5.361528
21.346292 7.447795
-4.854028 7.991584
-17.829479 1.273264
-18.230206 -14.139377
1.077445 -18.800640
-5.746648 7.468968
-12.634818 9.362863
-0.595007 -17.425943
8.050682 12.668108
-8.747770 -17.405876
-8.154073 -17.552448
-16.168732 -14.636079
19.652372 8.494594
-16.755203 9.891760
12.808589 13.352409
9.932957 7.512416
-7.398688 6.891988
18.130051 0.357500
11.374846 2.765937
-18.141117 -0.322109
10.188855 11.680842
-7.934164 -16.106863
-16.116680 10.269039
-16.926443 -13.239534
-20.891569 7.627177
14.503999 11.455939
-6.162663 6.692475
11.166024 3.343704
-18.631081 -13.764371
20.511272 8.231136
-8.122633 -17.695646
-19.558853 4.060070
-15.937992 10.518635
12.202781 7.846901
13.711267 12.581957
18.978834 -4.006980
-6.527038 6.342968
12.333591 3.129879
-6.209307 -16.432304
-9.870873 -13.660137
-8.123724 -13.409404
-12.984690 9.017998
12.324736 2.779571
-15.530220 10.003452
19.990389 -2.109047
11.677682 3.723233
16.308441 8.177002
-7.116456 -15.443976
-16.718782 10.377987
-5.496922 7.773579
-18.308620 1.623091
-5.058168 1.899772
12.472110 12.806786
17.912893 2.512857
10.628597 12.702250
11.736261 10.414135
-3.766575 -16.153387
-12.114237 -15.359230
-8.399161 0.194064
10.871236 3.541776
-2.181886 -16.589245
7.677198 4.352695
-16.080400 10.576562
17.514189 -3.439520
15.543927 8.169359
-16.209698 11.089707
-19.501696 5.866845
-10.977340 3.162278
16.841320 -2.457264
12.210618 12.853027
16.977064 2.718314
-15.332942 10.256970
-4.784060 8.325484
17.624863 -1.205405
-1.711994 -16.202932
-13.415322 8.779848
-7.790734 2.428989
14.106422 12.585034
15.780236 -0.897594
-1.149411 -18.790537
-12.540738 2.099114
11.372011 10.827504
-0.971905 -17.632612
-15.881059 4.323018
-3.438664 -18.861504
-17.579268 -13.081674
-13.121954 9.455838
14.206212 1.055653
12.938309 1.361826
-12.512152 -12.475353
-5.726163 4.158844
-11.434964 -15.932818
17.088720 11.771035
18.317705 -0.591414
12.642677 13.741048
-16.982773 -15.044346
8.610787 1.630167
17.292526 6.344169
-13.408320 0.555154
11.435246 11.728266
8.836976 3.629086
-16.388321 1.622304
-4.119843 7.651767
-17.824982 -13.164169
-0.623500 -17.127127
-15.496609 -13.842865
-14.156089 2.953034
-15.204457 10.110448
-18.240801 -13.424232
-11.359219 -14.786272
7.771516 4.371113
10.369624 12.488721
-3.009698 7.400722
-5.945279 -17.980608
-3.652782 -13.065620
8.778201 3.153158
13.247884 7.372217
7.936074 4.731180
19.840300 -1.547218
-13.814626 11.253578
19.896084 11.202911
18.165543 -0.538884
-16.607925 10.228619
18.232161 -3.317555
17.842789 4.917475
-4.128595 8.606519
11.122869 3.637482
-0.742027 -16.907024
-6.300328 6.375703
21.186338 6.943139
-0.865355 -17.267492
-9.995025 -15.620690
-21.355097 7.828408
-13.407721 -14.831579
-2.136967 -15.969884
-4.820377 3.654846
-13.664072 6.048398
16.552835 -2.531833
-5.067303 -13.853000
8.609976 12.794988
21.630859 8.379794
-3.306282 5.972618
-15.240904 -12.283607
6.282182 5.916585
1.344712 -16.752926
14.577322 7.135980
-14.160850 5.272666
13.122453 1.776578
8.350567 12.509928
-14.478571 -14.592978
-2.939888 6.925888
-19.107769 0.802951
5.623984 8.070929
-20.606209 5.579543
3.773326 -17.842680
-3.564600 -17.948004
-21.128628 8.159872
5.784008 8.912702
-5.704594 4.774002
15.916723 7.985302
5.487655 8.072580
-4.026407 8.440774
13.120965 13.554468
0.955013 -17.516937
1.705599 -18.197592
-12.420601 10.619005
-5.014731 -15.339031
6.041975 9.001796
-5.627392 3.471860
11.775222 8.504820
16.099798 -0.630513
12.315993 14.413070
16.014879 10.709867
5.964890 6.466278
-9.773782 -2.002407
5.750507 7.876541
-11.089873 -1.231292
3.869880 -17.827240
3.780254 -18.133121
-4.412414 -15.266611
-7.722660 3.409446
-14.878077 6.668536
-5.873908 4.415096
-19.105833 6.190142
-13.392671 10.820361
16.452330 -0.948555
-11.306065 -17.020634
0.376010 -16.826963
-13.000344 -17.419609
-15.409686 11.696387
-5.123703 8.025677
-2.462509 -12.586398
-15.476226 11.801271
19.392090 9.483068
15.751415 0.986921
8.648087 12.181077
-5.785385 5.780636
-13.570674 -16.723011
0.378263 -18.295910
-15.436157 6.952543
-3.662894 7.800479
16.625139 -0.040905
-15.902686 11.350659
5.761567 7.890138
8.520827 10.997263
3.338461 -17.706402
6.038279 6.661497
2.284188 -17.684921
-11.590128 1.569935
6.048349 7.425331
8.083991 11.300667
13.519022 3.414039
5.479013 7.551229
-13.364423 1.998543
-7.276028 -13.174779
21.186663 6.427408
0.587558 -18.750874
2.614675 -16.478161
-14.180264 7.120614
-3.122484 5.358284
8.617979 11.992234
-16.030043 -12.527172
7.596903 4.437308
13.378798 9.562465
13.434918 14.565754
13.791803 1.681857
-12.302003 0.368890
-12.787003 9.551164
5.378602 7.665387
19.380257 11.626889
12.884783 6.399729
12.420386 8.941340
2.376470 -17.055973
-16.062752 -14.162755
20.450127 10.464879
5.905828 7.894221
-17.220079 11.155799
-4.570000 -15.913661
-13.552276 7.323890
-6.513006 -15.414458
8.661726 12.820436
14.778195 8.205027
-12.772873 10.561213
-21.138462 3.367631
-0.671817 -19.236687
-19.060806 8.935410
-9.403468 -16.087090
-14.084221 -16.299019
9.432568 12.316110
-4.979971 7.671456
20.425421 7.882800
11.433181 -0.656858
-0.992984 -19.129133
-11.189778 -2.051266
-16.404354 10.684971
-3.507400 -17.284500
12.591619 13.932785
17.406265 -4.336890
-4.063612 8.378860
9.128771 2.479933
-11.694464 -1.469577
-13.909340 -13.298391
1.223588 -18.517849
-16.646242 11.030771
-17.123308 -15.422095
8.910508 13.097151
18.519230 8.815119
-4.628271 7.869392
-11.924104 -1.107366
9.536007 0.670240
10.143152 7.796148
15.470474 8.126579
-16.264656 10.924093
-9.725694 0.517593
-13.114305 -0.079841
-17.750118 -12.433056
-14.225076 -0.124491
11.111081 -0.793226
15.061169 2.673676
1.301197 -17.800592
17.438103 6.112695
-16.320887 2.584936
9.194266 13.162270
7.586020 1.727486
-8.593582 2.222667
-8.589819 1.844360
-19.214520 0.638219
-5.534495 6.400667
11.882095 -1.434982
19.446552 -4.244690
-2.966952 -17.793850
-8.641613 2.727243
-18.205139 8.241571
-4.959079 6.616621
8.661157 0.268720
13.541254 10.770593
-6.596565 5.732097
-0.433775 -17.218990
-17.357285 -13.873309
13.589516 -2.053587
-0.919848 -17.440174
-6.443853 3.621650
18.071644 5.444936
15.893687 -1.747393
-18.300121 9.415012
-5.271048 6.424765
-13.674417 0.167082
9.444233 0.371155
8.742344 10.428917
-5.637129 2.680134
16.761972 8.058773
14.056193 -0.274632
8.488164 11.100859
14.612524 -0.599110
-17.183340 -1.317349
-2.993810 -17.238024
-16.591354 10.481433
17.241503 -0.310354
-5.889276 7.850251
13.831511 11.754936
21.174841 6.913456
3.546566 -18.432812
9.731762 5.791529
-5.046224 6.279615
16.191206 5.945926
18.731298 -5.579871
8.187990 4.307567
-6.262628 6.275396
-2.745412 -17.806656
-1.399500 -17.445173
-11.103168 -16.011740
9.578922 11.271143
-17.610174 5.081913
-15.441289 11.149351
10.460762 12.346684
-15.777934 6.178521
-16.774359 11.334352
-4.135215 2.838237
-16.667521 10.375312
9.785709 6.127494
-5.061559 7.225330
-16.252159 10.782782
17.077765 9.543125
-18.909294 -13.092453
-0.676105 -16.970125
-21.029503 5.959782
-16.449589 1.625436
-11.433084 -1.873241
-15.343273 6.670662
10.842781 11.568441
18.617771 11.912385
-5.573100 -12.759321
-4.446760 6.311805
8.309816 0.615300
13.012592 6.794097
-16.716562 5.042314
-0.435795 -17.049387
-21.193268 8.476727
14.837183 7.882903
13.770797 3.278173
15.429163 -4.044320
18.483868 8.158548
1.957934 -18.283045
20.763849 8.797793
-20.952633 8.718440
8.972183 13.320263
-2.362150 7.939578
8.957986 9.133812
0.369792 -16.983295
-7.544777 -18.343885
-3.952698 6.232951
-4.677536 5.615037
13.726476 11.899903
11.701404 -2.259617
8.719266 0.456971
18.457636 -1.882855
11.018208 14.432556
15.859757 11.308302
-1.561406 8.722974
15.168078 5.828990
16.958961 -2.883408
0.541027 -15.941262
17.599001 12.946512
-0.241092 -13.710878
14.598639 7.988663
1.817313 -17.271723
-14.040138 6.334299
11.146110 11.728432
-1.298936 -18.921795
0.668079 -16.302383
16.695259 10.052497
-4.637810 7.713459
-20.202682 0.394225
14.971001 5.559628
15.071750 12.553634
10.528271 14.292843
-8.384514 2.426386
19.926561 -1.488324
-20.208145 7.722640
-7.327545 1.083874
-17.688585 -12.574527
14.162912 2.714965
8.851036 13.538648
-14.993436 -15.616686
-13.528116 6.603591
-19.915039 5.782882
0.761038 -16.117979
18.538498 10.909107
12.165134 14.635089
-19.595886 6.067894
10.683405 14.236958
-14.694608 -14.510492
2.368846 -17.047012
7.905245 1.511857
-13.798728 6.693544
-2.039671 8.849302
-8.219107 -15.221728
-1.681851 8.347932
20.127890 6.381923
-9.419004 2.475976
0.310100 -15.633826
12.613015 14.430335
-14.663939 9.269453
12.674603 7.784959
10.839182 14.821027
-5.215395 7.658853
-6.914904 1.598491
8.787330 5.931972
-1.696946 -13.970571
6.714252 7.539300
5.529206 7.565925
17.208824 -3.415307
15.502936 6.058089
12.779513 14.378887
-6.698621 -13.622993
-10.487574 4.577483
1.028464 -17.863005
-13.716577 -12.913556
18.112604 11.379098
-14.708967 11.994880
15.435835 0.691479
5.935209 8.770536
-5.950678 8.193155
-12.322672 -15.546004
7.370213 4.606376
-6.006833 1.121255
-12.523108 -0.139311
-4.365984 -14.925880
6.064721 7.285719
-9.681560 4.710638
-17.183069 4.911492
3.691141 -18.197405
17.872761 9.197414
21.072477 10.394042
-13.062643 9.462903
-3.791362 -13.489135
-2.671260 -14.029843
10.007773 11.842275
12.961746 -2.864768
-12.727060 -12.978467
0.393009 -15.952897
-11.920120 -0.944375
10.170382 6.221138
-1.973949 -14.247499
-19.602928 9.417470
-6.404587 3.609385
8.617504 0.805919
-8.599612 4.027597
-2.476123 -12.854232
-20.122007 1.928230
16.163279 0.724786
17.389212 10.479638
1.708097 -17.363832
16.082689 -2.139275
-9.219784 -14.172132
-14.517788 11.715468
-15.213711 -12.282408
-1.571213 9.170809
16.574286 3.078553
3.322403 -17.457731
11.315657 14.438357
10.268254 9.244586
-8.062181 -8.588555
-16.289375 3.984568
1.238392 -16.205421
-9.620699 -13.883969
12.952157 5.775023
-12.305531 2.989724
13.736392 0.435892
-16.677074 3.705427
-14.211528 7.908069
8.629626 0.427432
-6.837258 -13.273015
-19.045229 3.640701
-13.529432 8.173929
6.174639 9.133055
13.062930 9.640827
2.396136 -16.741997
15.788850 7.804313
11.138364 14.382279
-19.102749 0.624252
8.061405 2.112793
15.463367 5.639815
7.379695 2.646231
8.624422 2.204238
-12.494520 2.905303
6.947147 5.009706
-11.184433 -17.240335
9.679358 -0.080885
-16.868130 6.950344
-4.130869 -18.203728
-18.639820 10.462794
19.342577 7.017709
16.274641 11.318938
-17.726332 -14.460186
-2.308399 6.049888
19.277674 -5.008624
-5.824175 -18.125963
-10.450579 -16.100185
-8.730432 3.369898
10.581252 12.540147
-7.962312 4.300745
17.896589 10.730019
-2.824159 -18.556599
-7.168087 6.702542
18.723099 7.401290
12.199281 11.721434
-17.458187 5.790068
-1.395290 6.039140
10.412710 -0.314117
-8.212594 2.039146
16.295963 10.744641
-15.553694 3.023250
12.829837 9.485208
-12.288052 -17.096436
16.599724 10.751824
-18.624502 10.587392
-17.690693 7.384396
8.173845 3.850516
-11.941821 3.144933
-8.529037 2.668655
-14.639057 -15.265512
8.969725 -0.318514
-19.296034 10.298561
-12.449992 -15.115547
-7.826353 -18.911243
13.271281 -1.120394
-8.478568 1.737824
10.063519 3.878412
15.284514 8.686641
-14.208542 -16.538233
-11.914072 1.183256
15.171394 1.171494
-6.134439 -19.387348
-17.171972 -0.733151
-7.624494 5.111811
13.099659 -2.484054
5.762367 5.785386
-5.841948 -19.317133
-8.536052 1.835902
14.285303 9.027673
-11.980341 -1.530562
9.743418 5.994215
15.369054 0.979821
-6.112938 -19.369795
-8.917179 3.858156
-19.320715 0.620957
9.984331 -0.339008
9.035136 3.295673
-6.739004 -19.172094
-18.715490 -12.362810
-16.460619 11.077859
-9.501370 3.179359
12.909662 9.530353
10.661019 14.524739
11.929022 -1.147696
18.841049 11.198660
9.541910 2.057494
-19.232635 7.391501
22.182270 7.436642
-18.597195 10.497548
8.340072 4.982736
-15.498038 8.866139
-1.767042 6.041274
-15.441030 4.332551
-4.438572 -16.728355
19.248648 7.386362
16.013941 6.168929
-4.368444 6.012417
-5.153234 -19.212891
13.925678 12.167557
9.478457 0.116076
9.422336 10.588527
-18.452377 0.623557
17.093550 6.459165
-4.467274 6.247916
-4.967931 -19.398056
13.859694 5.881386
17.117117 11.337503
-11.061354 -0.104457
11.948716 10.648457
-15.233980 6.761907
-18.472420 10.704038
-20.825867 4.956737
11.992207 11.399355
-16.053743 -14.544358
9.946007 1.442793
-18.853491 10.336067
14.121127 -2.980670
-11.130291 -1.423027
-14.447147 2.121546
-4.566676 -19.459743
-5.550789 -19.141607
19.717663 -1.502339
-6.167482 -19.438810
21.430922 6.787817
-17.554758 0.046239
12.561026 11.280553
10.526024 0.718174
-6.270445 3.228485
-8.597466 3.320317
14.362023 11.480247
-15.617806 -15.710323
14.486442 1.353384
13.044341 -0.689201
15.078042 8.849886
14.779318 -2.757765
-9.975599 -1.901931
-0.910129 -18.520954
-20.765432 6.393679
12.285387 1.388008
13.579822 1.859840
21.738232 8.076060
14.075267 13.102431
-5.368494 8.483388
7.382382 6.919659
13.532062 9.753744
0.137513 -18.973228
16.192612 1.747188
-20.023857 2.448115
-13.392287 8.564455
-17.035986 3.296315
-6.020423 0.297202
-15.512748 6.607152
14.093196 13.476693
-3.248299 7.617288
8.085540 6.976637
-4.740716 -17.695650
-20.894630 8.687208
-16.289362 -15.755869
9.045327 13.288439
-18.145531 -12.581998
-2.936276 7.284143
5.635244 8.191257
-3.219856 5.812408
-9.333090 -14.285948
5.826689 7.143407
16.571085 -3.639360
-2.145226 -14.070630
-5.567522 2.556123
5.793528 7.052953
-15.406405 11.570808
-16.937984 4.345943
-18.086004 -14.367587
-18.127939 3.050035
-3.053989 7.240339
-15.733324 7.325655
16.406660 12.373642
-1.207710 -15.776098
-8.749073 3.820513
-17.789347 6.388894
8.745729 7.336905
-6.068872 -14.958617
-1.157699 -18.663202
10.756189 12.966006
12.367620 3.969380
-2.689758 6.902401
6.491852 5.491626
10.258058 13.632984
19.122765 -4.041633
-4.092998 8.438462
-1.331303 -14.503919
-9.099740 -12.001842
10.008787 13.296440
10.591074 13.473393
1.562142 -17.586632
-14.727301 -16.745350
-17.447502 11.326843
-15.087916 11.607331
-10.026401 -0.081996
3.689545 -17.886852
-5.879400 1.506775
-3.731065 5.338604
-17.206476 -12.782870
8.987476 8.797349
-16.187302 -13.931458
-16.865372 11.290792
18.522043 0.158020
7.825265 4.860179
-18.150843 9.835326
17.341242 -3.556771
15.773273 6.960046
-12.675730 6.717052
5.683773 7.321623
10.717990 8.483544
13.336370 -2.687254
-0.004431 -18.553593
-15.498141 3.079230
-20.984646 6.288528
8.084102 6.609906
14.294709 7.549529
-17.359411 1.000641
8.658961 13.193212
6.060155 5.020492
-2.957629 8.016621
-17.061083 7.106075
2.198948 -18.518078
-6.620405 7.672185
-15.791462 11.608263
2.506782 -18.260902
-15.996449 10.591118
-10.247758 -15.968474
21.479185 7.486178
5.695777 7.184655
-19.190371 7.519827
10.719110 4.603973
-10.355497 0.318289
14.438975 7.409242
14.977186 11.204435
19.110325 -5.228494
-4.382726 6.045117
18.190392 -5.170150
11.697152 3.406060
-2.781314 -14.247171
-20.058479 5.130834
18.151892 -2.599354
-17.819389 7.967062
15.710844 8.952593
13.068574 9.976363
-13.311522 -13.740806
-4.452898 4.338472
12.182343 1.859496
-17.256428 0.193333
-4.820067 -15.771162
-18.070658 9.037335
20.978022 9.271973
-15.706993 -13.313633
16.939438 10.808204
-10.144030 -16.174397
-6.086311 4.605494
-7.056856 -14.842932
10.583089 2.975157
-18.400290 9.070869
-4.016193 -15.315082
-6.918228 -0.488761
-15.326727 6.920679
15.534719 10.753755
-20.662605 8.826864
-12.994515 5.185851
-18.883547 -13.107262
-17.412678 8.288876
-5.590581 -13.449003
-5.256189 -13.514382
12.502339 -2.464618
16.464352 -2.875315
14.178499 11.085723
-17.167740 8.808532
13.163163 -1.218089
-18.388783 -13.711621
-5.799173 -13.950962
-17.962133 3.139242
-8.025970 -14.739911
-14.564734 -15.218708
-5.713995 -13.583435
-16.868439 -14.596725
-3.984770 4.382024
-15.289617 -12.437927
-5.480860 -15.855147
-18.215355 6.451826
18.397856 11.218101
16.231367 -1.645415
-15.556828 8.241630
9.227657 4.801612
15.036698 8.145261
17.352106 -2.653918
14.481878 0.008447
-6.982344 -15.230179
14.298650 2.383134
-18.633940 7.547678
15.001435 10.750579
19.327286 -2.817159
14.225685 -0.453383
-4.863278 5.866220
14.948965 7.978347
14.323806 11.039688
16.322844 -3.404492
-4.533133 5.309511
13.546738 -0.723484
-15.265589 2.584286
13.992825 -2.526689
-3.522815 9.046053
-2.704291 6.772737
-10.616830 2.202659
13.575184 8.890409
16.979696 7.165735
-5.327158 3.598261
-2.561752 8.403699
-4.634558 4.181435
-20.760187 4.275480
-8.325978 2.380663
-7.113627 6.143577
-17.660446 -12.410888
-5.302320 -15.303668
-7.125682 0.652563
14.683924 11.510545
-12.686279 1.712299
-16.129833 10.186910
-3.522266 4.777025
16.695965 -2.878071
-16.802834 9.806794
13.928892 12.420748
11.736039 3.369367
-16.371269 9.710288
-5.563151 -14.857016
-15.061051 3.339957
11.773030 1.361764
0.601028 -16.058819
-14.193998 -16.671482
18.114117 -3.624566
9.724180 8.549929
-13.904077 -12.581841
18.056322 11.306421
19.692110 -4.039027
-15.871892 8.696879
-3.513811 -16.030428
12.931715 6.889146
13.802399 12.637238
-16.523943 5.115603
-17.961288 -13.792020
-8.019996 -18.767815
-21.229742 8.294375
-2.488284 -13.029025
14.466110 9.107927
14.885112 2.122500
20.078110 10.945730
-8.431493 2.694083
18.311142 -2.098440
-7.881088 5.868299
20.116381 8.169766
-6.586136 -19.137690
2.205782 -17.195457
-16.100658 5.432817
-14.618625 1.326635
-18.141567 7.335259
19.012400 11.509922
-13.770455 4.512554
-2.376001 6.456688
-6.729722 -16.193043
16.738077 -0.493812
-8.512017 -17.421122
15.848887 -1.883861
-21.070778 8.144898
16.844736 -3.127110
12.200461 11.184304
-3.887709 6.791898
8.910293 4.556160
13.866920 7.587774
-3.494547 4.302431
13.434077 1.776969
10.595231 1.625720
-18.976799 6.991633
-4.824988 -19.186468
-12.324782 -16.369789
19.339336 -3.722253
-10.330796 3.666985
-1.367361 -18.422209
12.782104 9.636487
-19.165899 8.618398
-12.699010 8.138677
14.091153 -0.912066
12.012729 11.975019
-18.131952 9.616044
-11.346403 -14.656749
12.388304 4.073186
8.876544 8.318588
13.764929 2.161851
19.588936 -0.141380
-18.815044 8.452362
-13.198316 -12.513220
-7.671852 2.998283
11.980997 10.474020
-11.710054 -16.787207
20.697121 7.809546
-9.117295 -1.555243
15.410869 1.870577
18.257599 -1.148766
16.540186 11.012650
16.785437 6.606059
-12.838355 5.155538
16.653000 -2.556107
19.117647 -1.702500
-12.846747 1.858447
-12.052074 0.581268
19.367620 5.871295
-18.354925 10.628958
-10.916084 0.274615
14.099237 4.922583
-6.555489 -14.200747
-19.500261 8.005059
18.920959 5.942328
17.008692 11.839525
19.261673 -2.651173
-6.914780 -18.974041
-17.349476 0.526668
-6.545340 4.693692
-9.512161 0.021017
11.956095 3.369536
16.748173 11.449992
-16.566696 -13.308991
-19.465086 8.589839
-15.316508 -14.091440
-6.775282 2.049260
21.587965 6.611781
-13.314795 -13.274234
-8.111390 -0.434049
-2.526155 -12.729036
-17.590431 5.104867
-18.857613 10.283318
17.731070 6.809936
-10.416908 3.620844
17.748791 10.754894
-18.619223 8.137444
-19.179543 -13.573332
11.184088 -0.526587
-5.380328 -19.195368
-18.986750 -13.277056
13.765063 1.284696
-16.267227 7.102080
-5.717621 5.364770
-2.875948 -18.574112
-2.423928 -15.050985
11.097479 9.476233
15.445322 8.748812
14.068830 8.572633
-9.376390 3.440968
18.523697 -2.433279
-8.657166 1.833078
16.422718 -1.586556
-7.634087 3.640125
-13.145674 0.803202
-5.774778 8.338465
-18.573164 0.572491
-18.367704 8.274297
-7.263608 5.565185
-5.885763 -14.494044
-5.975552 -15.688051
-16.049765 5.563622
-17.577934 5.094098
18.204985 8.365554
-18.903957 -0.012850
-17.133379 -14.921403
19.302702 7.262050
-7.898122 0.359615
13.237013 9.115994
12.433697 2.410570
16.946562 6.590299
-9.378039 -14.181180
-15.115231 4.655176
-3.655747 -13.558449
-1.476480 -14.639349
-18.416948 7.058895
18.514063 8.514117
11.956147 1.968353
-8.862433 3.654628
20.611654 10.587554
10.850891 2.727767
-5.834206 -14.504828
-3.938324 -16.742882
-11.850646 -0.776034
-13.758164 6.261724
-17.845894 0.405363
-17.459162 0.599843
-3.038540 -13.895177
18.978468 10.390561
-11.531116 -14.560083
-2.429177 5.039276
-11.253174 -16.297419
11.341036 -1.167323
-9.126108 -0.432112
9.977470 3.150342
15.334347 2.611513
11.751668 9.905269
18.611712 7.589695
-16.545101 2.077272
-20.336149 6.940337
-7.533339 0.915355
-9.245088 -15.925624
-10.780882 -15.576394
-9.357532 0.165941
-6.891806 -16.239302
17.539625 10.451240
-15.035452 -16.038935
-2.088535 -15.408793
13.386311 6.147559
-12.972143 0.467193
17.327381 9.647979
-15.839716 7.463885
-7.506441 5.966399
-5.453648 -13.959674
-14.676013 6.419843
-15.700656 8.499490
-16.147808 5.609830
16.603922 7.994196
-12.673608 -12.478406
10.361740 0.562828
-10.824944 -15.901067
-11.233062 -15.011189
15.062016 -0.873433
-17.075315 2.344128
-17.814951 -15.480618
-19.922260 5.980361
-16.422974 2.393129
-11.300247 3.134680
20.407068 8.060480
-7.248101 0.603668
15.797865 0.561661
13.757786 0.300420
15.146276 0.213291
16.998619 7.018420
-13.881002 -13.051201
-10.695945 -15.953166
-18.538658 1.519474
17.953224 9.368053
-14.857151 3.022652
-8.075655 -0.719647
-17.506952 6.594779
-20.155041 8.351328
-9.180289 -0.000459
11.270373 13.661263
-16.906155 2.988000
-9.620516 -0.082153
20.405270 7.555262
17.841227 8.197574
8.255450 0.507199
-16.458694 -1.718067
-14.574615 -13.891049
-15.983026 -13.880359
-14.453238 5.067762
-8.398045 0.391207
12.672770 -0.165661
17.844206 10.151358
18.851646 -2.112135
-13.349021 6.211875
19.703556 -3.770103
-10.561123 0.068838
-13.795785 -10.313759
21.974813 8.280894
16.048845 8.187246
14.915000 -0.785547
-5.970534 -13.827228
-12.539857 1.575298
-11.631366 0.363502
-16.820707 -13.164548
-15.116389 -14.626600
19.175339 -4.427796
-14.175798 6.384923
-18.224213 -12.922123
-14.396836 -12.195055
17.927063 7.770952
14.170574 -0.848479
-13.100496 -17.287197
13.261668 1.280022
-0.188093 -17.781519
-14.354142 -15.303025
-13.041417 10.419160
19.814774 6.502534
8.955762 13.354012
12.219643 9.082900
-1.956589 8.691227
-21.132387 3.609972
7.013925 4.881966
3.477357 -18.491522
-7.796135 -14.871628
-3.089621 6.734887
-13.053657 10.535308
-16.141476 -15.505817
18.701384 -2.258250
-15.606580 -14.291483
8.593198 13.139502
-1.636953 8.760876
13.071447 0.956733
5.722351 7.013638
-6.715434 -16.790628
3.597728 -18.371370
15.854352 5.790379
-10.104506 1.839734
-1.847540 9.037490
19.061995 11.483393
8.576671 13.146354
-4.398958 8.725049
-2.153540 8.658067
-4.686636 2.869107
5.700536 5.967145
19.864853 8.433561
-5.581004 4.411212
11.117711 12.556587
-0.611935 -16.872955
-11.908811 1.493027
16.625101 -0.398745
-8.892789 1.476647
-18.587790 10.286544
-14.187326 -15.166999
-3.356844 7.689134
3.318671 -18.141600
8.536717 13.067248
3.937896 -18.229366
-2.058697 8.831025
-1.639104 9.055832
-1.087624 8.091892
-1.500083 -15.241822
8.548593 11.142746
-0.559653 -17.926773
-17.358772 3.127499
11.624918 12.346420
-18.624790 -14.107329
11.176626 13.475632
15.446158 2.353653
0.206724 -16.860415
14.688629 2.462218
-11.297773 -2.172486
-10.634213 -16.613207
-15.118363 -14.591347
8.108374 11.766689
-9.662955 -15.058355
7.084306 2.444127
8.750126 13.212999
-14.983198 7.644042
13.348185 -1.400424
-3.857872 -15.888662
-16.402195 10.630750
6.057858 5.530037
-17.503149 -0.367266
-12.800787 10.002122
6.325473 5.398331
-3.042866 6.208240
-11.815225 0.770933
9.003983 13.082122
-12.590049 9.264382
-11.491677 0.719127
17.750475 2.301888
-12.859163 10.397573
8.115867 11.686179
17.575459 6.142703
0.226720 -18.086424
-0.324677 -17.274151
6.846847 5.213633
16.477322 6.729757
-12.799150 10.520718
1.725785 -18.041834
-17.494347 2.047485
-5.934575 6.812782
6.448720 5.004622
-3.848107 8.436956
14.549590 6.322467
13.448839 2.669461
6.009581 4.919126
17.166655 6.712162
-14.903886 4.113209
-12.812060 10.079894
-5.073363 -13.879417
-12.691557 10.256613
-13.204192 11.030488
-16.779425 4.456859
18.565912 11.872537
-15.799437 10.952777
8.951412 12.860501
3.440873 -18.398932
-4.075790 -14.804026
5.303457 6.967552
-1.687550 8.732943
20.157574 8.669912
5.487379 7.408704
17.981754 -0.437502
-2.735822 -16.058462
-15.194442 7.087560
-15.252245 2.762224
-12.870070 4.870402
-8.915849 -14.600043
16.732588 5.913681
17.783020 12.930241
8.621278 12.489429
-9.278228 5.410581
10.020312 2.020035
-6.609457 -12.510115
-0.602101 -18.459101
-20.791847 7.334855
10.743182 12.484682
-9.852751 5.341966
-15.578860 -14.651401
8.117134 5.937452
-8.989590 2.661574
-2.630523 -16.938881
13.283572 3.826059
-20.397852 6.653341
0.996086 -18.176548
2.026253 -14.938875
-4.254704 3.369675
-7.435082 7.406963
20.900610 8.154719
7.070272 5.179392
-16.688272 -13.124331
11.607801 7.616189
-4.383200 -16.541574
-5.464866 -14.195201
-20.818138 5.492735
-11.481209 -1.579154
-14.584732 -15.450648
-19.445574 6.005875
11.379118 -1.933075
8.318540 9.974717
-12.878556 3.426783
19.361908 -2.536269
10.115689 1.842203
-4.157712 -16.948973
8.332705 4.278952
19.986824 10.674843
-17.261850 2.197270
12.714866 12.787159
-18.450670 -13.327829
15.199354 8.341196
20.262798 10.862464
-20.617113 2.817810
-15.641080 9.745400
-1.592385 -14.706156
12.731636 8.181814
-2.213792 -16.638815
-3.213736 5.612126
-12.656547 7.376084
-18.047876 8.177279
-12.309305 0.042654
10.419546 9.438579
-16.884876 10.641892
-20.433578 0.962616
8.761100 2.746728
-11.684033 0.569343
-7.008993 4.734875
-10.208388 5.076628
-19.867825 2.034815
-8.102872 5.527323
-7.275895 6.189035
-8.418346 4.750882
-17.716061 -12.804834
11.792382 12.174594
-7.218097 -15.160221
-1.476873 -16.503838
19.168192 -3.806564
8.983871 0.311520
-6.194183 1.289658
9.964736 11.465551
19.168341 -5.056612
6.987050 4.106526
18.655289 6.004006
-16.551756 9.818977
18.997330 5.598364
-18.217791 10.653976
-15.532649 -14.550218
10.620899 10.457943
16.858923 2.032478
-14.353344 -14.460569
-0.550286 -18.176872
-2.042012 -15.842294
14.236374 6.091314
18.805367 0.191665
-4.451146 -16.792862
-13.624591 6.040542
5.870444 8.637028
-16.394356 -12.637300
-17.768444 -14.312057
-19.130894 6.003304
-18.663301 0.766169
-19.106483 0.227563
20.569582 10.616183
-17.566750 -12.795539
19.782934 7.750319
-20.623867 2.843035
15.578270 7.734556
12.755386 12.721270
20.128027 10.970417
-19.071081 1.996822
-11.538687 6.322314
-12.856799 -16.175104
15.479959 -2.879579
17.759193 1.301086
14.757868 6.038825
-12.640562 -17.587334
-3.470917 6.184737
-20.957573 3.835855
-16.074234 5.285422
-17.812735 -12.616584
16.923424 8.931305
13.323844 -1.697536
-11.231976 5.364745
-4.282018 -16.554136
-18.427729 2.074828
18.935240 -1.013174
-19.457506 4.368913
-5.537346 -14.846144
8.627042 0.631029
-10.544352 -16.674562
9.171449 0.132978
-21.323492 3.951631
9.048262 2.404444
18.059072 -5.549359
-20.984058 5.666197
18.003710 -4.028201
-11.636853 1.699176
-5.297071 -17.790199
-7.327996 0.922537
2.444835 -17.228113
15.623821 13.207833
14.404987 -2.661377
-20.682348 7.128707
-17.516781 0.568965
-18.545851 5.235695
13.170886 -1.459641
2.360504 -19.000885
17.123646 7.089476
-14.960706 -12.303272
-1.803588 -15.607450
-10.660377 5.087193
-16.681370 7.448770
19.707762 11.016321
-3.494364 4.627117
-0.474306 6.608345
-5.084523 -19.097492
-2.743975 -12.507877
-21.335348 5.166641
13.419009 12.455163
14.784494 6.911218
3.012392 -18.558783
-14.618160 -16.109322
13.218369 3.898295
16.115444 11.529984
16.560997 13.067919
-6.063728 -13.906054
-19.559147 4.157648
-12.365342 -15.822045
-12.705794 -17.562096
-6.889200 -17.316269
18.400471 11.906992
-21.041271 5.081741
-21.026760 5.361698
-5.928106 -18.173904
-8.211617 -16.050985
-15.709496 2.285982
10.092945 -0.782119
12.746946 9.607808
-12.989944 6.503724
-11.530259 -15.103806
-1.809305 -15.177769
13.536910 10.938626
12.396606 -0.727674
-20.899029 7.341414
-16.163536 0.069709
-18.462446 -12.682023
-13.628003 -12.809234
6.348689 3.259338
-16.662125 3.501405
-12.575098 8.887091
10.472337 12.857480
-17.059732 3.483172
-3.240047 -14.722021
18.455832 -5.592395
-6.007226 -14.392551
-10.958945 -14.044532
-11.283109 1.248753
-17.992502 5.150666
-13.040168 2.929984
9.273864 10.865548
19.085619 8.759768
-8.319555 1.014116
7.064991 2.443205
12.330221 11.591232
-5.219744 -15.748236
-11.967594 4.410010
-13.227717 5.275070
-13.710473 7.808273
-18.414585 4.802029
9.690575 11.579740
-12.562220 -12.824870
-7.105330 3.236851
-12.466045 -1.330675
8.173581 4.010547
0.544652 -16.657553
-6.314676 -14.937649
-13.308020 7.944741
16.466421 7.555873
20.307487 8.249505
10.181274 12.058605
8.237373 11.731506
-6.741785 3.496285
-7.925211 -15.034191
9.382912 5.831331
-3.910132 3.156047
-2.576344 -14.026363
12.897204 9.886677
6.792325 5.728847
-17.115440 -12.621778
15.531896 -3.929431
10.475626 6.566681
-4.218379 4.633018
-15.602404 -16.202358
-13.802558 8.370221
11.873177 11.064603
-15.119750 -16.452127
-6.166577 4.128427
-14.016162 4.669873
8.803258 -0.598115
3.816641 -17.830183
14.216961 1.119994
16.158154 -0.087039
-13.747473 0.307635
-10.489723 5.137392
-5.406797 7.800481
-8.394537 0.621897
17.190996 -3.989018
-13.006347 1.729812
-15.438196 3.016346
-16.763716 -0.367682
-9.750149 -0.757715
1.062571 -17.369087
18.230183 0.007722
-2.028340 -14.381165
-14.152467 4.604983
-16.744402 6.509401
-13.564425 6.386188
6.619598 4.416539
-13.908440 7.552232
8.843569 12.693972
-5.653066 -12.268395
9.721175 13.740044
1.824201 -15.240634
-9.253338 -0.516588
-9.603443 -14.052638
6.138702 5.361843
-18.972563 -12.600780
-5.373021 3.839949
-13.749013 9.054303
11.100404 -1.697446
8.603777 10.782045
-7.888397 -18.558411
9.274235 11.307710
-7.298367 8.059854
8.308951 1.060734
14.002206 0.192491
-11.210074 5.505362
8.623527 11.236611
15.241350 -3.324633
-6.460852 6.645588
-14.631160 -0.984133
5.656087 7.112542
7.423889 4.301038
1.267061 -16.824146
16.681353 -1.704754
-16.595390 4.088398
1.428511 -17.501122
-0.252873 -16.994074
-6.477836 2.991554
17.088144 8.836479
-8.601705 7.260054
-13.312868 -14.832179
6.632113 4.943748
-16.252075 -14.142673
-14.717842 2.992583
-14.037712 -12.284429
-9.934828 -13.888090
12.585645 6.591046
-9.649443 4.138864
-3.010353 -14.625238
5.803990 7.804855
-12.593561 1.784325
-4.890827 -16.432297
-15.419647 6.934547
9.216757 12.634257
-10.808206 2.500816
-6.591400 2.291121
-10.618628 -1.568327
-3.486272 -16.129688
-8.872981 0.410769
-14.081584 8.993582
17.117258 5.616765
-5.102037 2.116614
18.201883 -3.216775
8.363288 11.233682
8.469958 -0.354543
6.011416 6.217375
-14.974349 11.744725
6.174631 5.761690
-16.177710 4.490636
-6.605065 -16.266853
-15.797378 8.314053
-19.298208 7.410186
18.699892 -3.971189
10.299340 9.540326
17.761669 -0.236392
-4.014185 4.601241
-14.444686 6.676305
8.836535 6.350700
-11.101926 -1.718464
-3.791692 -16.548910
-18.081682 9.299975
19.089912 0.130533
13.626527 6.920779
11.103149 9.948599
13.224919 6.238359
-4.865519 4.035042
-13.262888 -12.301751
11.293287 9.923903
-17.404005 9.200875
-17.867500 10.059078
11.748847 9.506054
-3.560014 5.025246
-12.392795 -12.592755
7.240650 6.007655
17.340879 10.551497
-13.948759 -12.238929
14.942283 -1.084599
-16.755262 10.109684
-16.151081 -13.423259
14.551222 8.622325
-6.263651 -16.303007
15.688498 -3.192725
-3.173980 6.220500
20.644873 7.415126
11.190831 11.066240
18.898119 11.370119
-5.806157 8.662891
15.346045 5.273791
11.995169 11.494657
-13.593839 3.145522
8.703289 10.485740
15.900453 -3.358552
7.101254 5.241422
-19.820162 2.311222
12.002549 1.817358
-17.358833 9.075656
12.520431 3.010417
9.123869 6.744747
18.273954 6.449283
-17.799925 -12.539941
-6.234831 -19.362728
10.097425 8.682129
10.638404 2.258443
-5.112233 3.751290
-4.988105 3.452221
17.107235 6.676210
14.623995 11.972526
18.118279 -2.343151
-16.725679 9.470236
10.475151 2.093928
-5.029458 3.762062
-6.018274 -15.878291
15.704158 -3.259999
14.132463 10.775012
-3.228910 7.046300
19.130543 -3.127765
7.930584 4.548046
-17.381372 -12.406401
14.140735 3.081938
6.799971 6.486054
-14.754782 1.431076
15.320043 1.820437
13.500055 9.325109
-14.607985 -1.638967
-17.839760 7.949954
-17.482922 -0.118631
-7.693075 -18.464418
16.486454 -2.788937
-17.427795 8.934487
15.547261 11.049144
-0.278069 -19.388737
-14.481183 7.380621
-16.689516 2.102941
-9.956074 1.070736
11.811153 11.899927
-14.651000 -16.515476
-6.569417 -16.315002
18.443106 -5.418264
-16.366297 10.468841
18.600281 -0.051708
8.950683 11.574492
-4.127700 4.187319
-7.195135 -1.325453
9.265505 6.372408
-16.840164 -1.553885
9.332587 5.702503
-3.473962 7.891049
17.387257 6.734364
7.188832 1.449907
10.123133 8.408774
-2.596898 -16.700663
-16.491676 4.354109
-3.329827 -16.393764
0.909326 -18.023813
-11.437926 -14.495358
19.158058 -5.593998
-15.863150 8.839396
-20.684988 3.786233
12.017329 1.632388
3.426654 -17.586596
-13.482364 -16.806910
-15.437032 9.423406
17.034077 0.115021
-20.248648 4.607360
-21.331076 4.372171
-18.165239 1.127125
7.969427 9.954972
-13.715699 -16.915545
-3.708753 -17.762770
-5.233987 -11.904210
1.784142 -17.396980
-12.881732 -15.869071
17.713440 -1.005648
7.674177 11.952436
-11.774848 -15.829545
-6.603848 0.732402
-17.681637 5.658446
9.115450 12.674761
-18.926823 8.877544
-5.717126 8.582683
20.383110 6.607321
-0.812174 -16.093851
12.336999 8.513453
-9.731185 -16.318987
-3.734778 -15.306268
-9.366735 -3.042424
-15.236046 5.975558
-5.602252 8.076717
-7.745793 -15.449299
21.676191 8.172851
-7.209019 1.093918
9.542985 4.220006
13.707852 9.913452
-20.199806 4.760051
-15.303695 -16.671461
-18.447319 3.201461
-16.744638 -1.612659
10.358775 11.652921
-16.921993 -13.042382
9.761676 3.299012
-14.964209 4.208417
-6.048093 -14.207538
9.924232 10.195533
-16.357042 8.920043
-20.220694 4.710674
0.686992 -16.006721
-10.772301 3.107200
-11.716543 -17.198639
-11.243869 1.097453
7.661367 5.037845
-9.620088 2.926599
12.104560 1.711845
-1.624949 -14.681327
-9.309317 -13.631452
-5.699741 2.661832
-14.334403 6.861326
-5.597999 7.627367
-9.353902 -16.477400
-5.042264 4.409987
-5.431170 4.735537
17.539846 6.935794
-5.303066 4.313089
-4.995562 3.532552
-8.095737 1.395553
9.344969 12.289315
19.731295 -4.960548
9.839625 13.140381
19.313528 0.219479
3.178465 -17.511486
-1.708165 -19.034725
7.421396 6.415937
-13.537887 1.717349
-4.996567 7.915978
9.139195 12.425135
-4.446361 8.501775
16.917578 6.939508
13.833910 3.426642
-15.315343 9.743905
16.952255 6.764733
-16.491184 7.366918
-9.486467 -0.380725
13.672851 -1.129644
17.880859 12.696246
-12.010112 -15.057224
8.263805 4.319550
12.326056 8.891025
-17.346582 -12.961900
-19.950901 7.460515
19.550722 -5.091423
3.710148 -17.786190
-11.544354 -15.793437
1.239967 -16.311586
-19.038740 8.158239
-1.999758 -14.175972
-19.033215 0.999685
-13.097598 0.627234
-4.357812 8.550568
16.357115 6.101934
-13.742480 -12.735644
1.637644 -17.042393
18.510122 -3.863054
-5.627303 -18.428581
10.733626 4.175532
-21.020992 5.707288
-19.167397 5.754976
20.347519 10.899229
-10.785202 4.179977
15.730865 -0.715269
-12.100718 1.798259
-10.708717 -14.625571
17.352240 -1.754912
-20.851311 3.947367
-4.034638 -15.502295
-10.539880 -13.991827
19.512436 -5.005399
-20.746559 3.600105
7.226678 6.797272
19.621450 11.408954
-12.695068 -0.074560
-10.816267 3.954958
-5.650061 -14.052382
-12.169302 -15.297942
-3.507037 -18.998247
-16.303518 4.439452
-16.968290 2.249394
-16.572077 2.923254
-10.418011 0.818972
18.287083 11.838214
19.596727 6.665673
-9.699411 4.759224
21.086084 7.908653
8.473934 6.510143
-12.676553 -14.525091
-9.338899 -16.209877
-2.733637 7.896679
20.175816 11.119971
19.583269 -2.386474
8.392599 12.037762
19.265255 11.349544
-9.977846 3.021410
-11.838601 -17.945881
15.807224 -3.636740
14.439871 2.309133
-20.711960 7.059603
15.451969 -3.886721
-13.302106 6.059278
-16.672050 1.708517
-9.314948 1.541113
-7.270560 6.565093
-11.899117 -14.952375
15.660815 0.838659
-6.294629 0.451955
-10.545351 3.497758
-15.890201 1.940797
-17.126026 0.751384
-6.937669 -16.025330
14.601030 0.717494
-14.969573 3.125276
-18.448095 0.806166
-20.316429 7.190187
-0.566377 6.889288
-11.776653 3.059151
-8.593415 0.455001
-17.255611 -16.068157
14.490083 5.776451
-21.039894 6.486173
-5.858198 -13.133169
19.044147 -5.324123
-16.020950 8.976517
-11.547789 2.449463
-15.027187 9.307614
-11.410838 -14.902516
17.380138 8.213568
19.024633 12.101801
0.142387 -16.593441
-2.936240 -16.285872
-8.774377 6.224866
13.248468 6.506298
0.646719 -17.760044
-15.161402 -0.700732
18.888083 11.941370
-1.581718 -16.411999
-14.462287 9.490219
-8.573625 6.092036
-20.162878 2.094350
-12.840855 3.376909
-11.960931 4.246165
13.512443 2.055321
14.858172 -0.973775
20.082289 9.689164
14.800196 7.308685
20.346992 10.727056
-14.531819 2.507370
-6.561618 -15.654173
-13.953826 8.478678
-17.028215 -14.806317
-10.588265 3.360795
15.463180 -3.859992
-8.025253 -0.667520
-5.421376 -14.487186
-9.020596 -0.197655
17.807455 10.929608
17.890480 1.148897
-4.709599 -14.239175
13.432377 0.037738
-9.910193 4.150185
19.406395 6.712802
14.247208 -1.451829
17.718004 7.365257
18.330631 -4.313859
14.837791 -1.098092
15.363561 -1.418942
12.990876 2.183330
10.338200 13.891314
19.928684 6.477813
-11.571833 -0.442275
-13.118834 8.127351
20.586330 10.696628
18.779205 -0.847616
-1.867324 -14.890771
3.564082 -17.394838
-17.347395 -13.636520
-16.686302 -14.375939
-13.577676 6.484840
18.451536 8.944818
12.839431 12.929534
-8.274817 5.421619
18.611286 -1.553610
-5.240118 -17.107328
-18.885672 7.463640
-21.176081 5.152191
-11.393288 -1.449389
18.841562 -4.102451
-16.104147 -13.277599
14.715899 12.191974
-12.288757 3.882072
-6.099461 2.821503
11.552256 6.258274
-3.152596 -16.865301
15.125588 0.842297
-15.241605 2.287294
13.774263 5.977952
-7.641125 6.691503
10.515239 11.883025
-16.685997 -1.293933
-6.001999 3.430270
17.338650 7.042943
11.598907 2.494265
-15.469597 -15.464700
-0.350694 -17.096273
14.610041 1.650066
17.733124 8.980679
-17.236349 3.842924
-2.164614 -12.786085
-5.330933 2.228190
-11.111862 -0.473257
11.331496 3.758453
15.339870 6.590281
-11.519114 3.803933
19.266327 -1.341408
-7.509489 -13.507451
-5.826605 3.283871
-0.861499 -15.918631
8.928679 11.969968
-2.185733 -14.877084
-5.819411 3.485585
-7.076686 3.418827
-20.956387 6.553510
20.134453 8.712493
8.019890 10.137994
-0.287480 -17.297827
-9.050760 -14.263721
10.902897 11.656626
-14.992197 -14.422084
1.448802 -17.221708
19.167210 -5.240893
9.543053 10.663932
11.742500 4.446445
9.159013 3.331701
15.798859 4.342226
9.425626 12.067891
8.283800 11.096031
-14.004116 -0.225924
-16.401817 2.379240
-13.514425 9.229340
10.334358 3.097157
-11.631068 -15.027757
11.114367 2.149147
-9.148120 1.331751
-10.670458 -2.618670
9.547361 8.363594
10.536754 2.723793
-21.188778 3.347640
16.497776 7.280154
-14.023103 11.975867
14.822672 6.406244
0.443701 -13.680412
-15.862530 11.170074
8.764888 12.968711
-14.360550 -12.244607
-3.304325 -16.754160
-2.124168 -18.503017
-10.087645 0.829332
-6.819772 3.344325
-3.856260 2.351897
-14.614629 -16.539881
-5.433552 -14.672432
-7.498732 -13.352943
8.818385 2.510195
-8.038043 -0.400689
-20.803061 8.027881
7.435352 2.624494
-3.138781 -16.411608
-6.794613 0.622666
10.662925 3.912093
-5.026423 2.890217
14.623055 2.795342
-10.704023 -2.685968
-10.954181 0.966039
6.461557 6.134422
7.944754 4.172829
21.047346 7.429283
-18.587063 5.757022
-13.561864 -15.418632
-20.723997 5.348460
16.680395 -3.635519
8.915747 10.613730
-20.444017 5.293139
-5.454444 -16.167801
-10.775191 -2.932013
-11.772264 -13.326572
-20.365707 4.925348
-16.538206 -14.153988
-2.911747 -15.818651
-15.768143 -14.587944
9.640840 3.420984
20.631157 7.934068
-5.890025 2.995133
-20.668961 6.263371
12.324677 10.096459
10.682083 3.791741
17.072861 -2.475007
0.944841 -18.966640
14.378198 -3.389505
-18.995655 8.855762
10.575453 13.979980
-6.095467 1.055444
-11.124404 4.419971
19.486814 11.304156
8.011509 10.882847
-6.641114 6.169385
10.082595 1.947258
22.159977 7.614098
2.677001 -17.528130
19.630325 -4.365239
-12.250388 1.069764
-19.015190 7.775373
16.119295 -3.586830
-6.816318 -1.745864
16.239790 -1.857765
20.447521 10.836176
-3.418205 4.032898
-12.960665 -14.581374
8.315606 1.771668
-9.392013 -3.158930
-17.356281 7.001075
1.716822 -17.957708
-11.131010 -15.738176
-18.512905 9.534750
17.380768 7.322735
18.291742 12.239415
-2.770951 7.049969
-8.800783 -0.160894
5.719173 6.385559
-1.900446 -16.109098
9.550098 1.687990
14.010784 2.852150
13.111219 -1.744528
-16.302013 8.126577
12.029791 0.041095
19.285234 -4.835833
-5.555051 1.022940
-19.337975 8.047699
-7.286501 7.934315
1.219674 -18.065258
2.161711 -18.277992
10.449615 9.828272
7.255528 4.968604
17.407074 -0.442988
-7.640876 -14.902095
-18.874126 6.919729
13.167721 12.893298
19.316662 -2.764133
11.482974 -0.735879
-18.035997 -14.647239
0.561641 -19.220026
14.321502 10.839283
11.978960 11.556907
-13.322984 4.245110
-1.661234 -14.761049
-16.099758 0.904973
-4.532286 7.989652
-11.581549 -16.859341
13.085979 13.174609
-6.578270 6.455585
-4.665708 0.579943
-0.093023 -18.651686
-4.634314 7.866642
-4.575472 -14.974257
-17.128742 -0.405215
-19.746964 1.554150
19.077353 -0.759299
-15.022693 -16.825417
9.820926 1.995719
-12.866168 -12.800578
3.346303 -18.194674
14.964702 -0.427937
-8.761853 -15.013522
19.574734 11.523019
16.607771 11.411109
-11.721306 3.475161
-18.749775 8.775740
-10.862468 -14.161490
15.126339 10.390268
-3.134743 -14.919971
-16.291817 9.100774
-1.810684 -15.013632
-17.928560 2.347270
-16.948389 10.081907
16.486515 5.128456
-13.290643 -12.465895
17.969553 -1.221945
11.799529 9.566992
12.312990 4.338266
17.171474 11.359378
-4.935165 8.427495
-3.109917 6.667245
15.099463 10.708285
12.120600 0.347277
17.860518 -0.495901
-15.311842 9.670619
1.921334 -18.312368
21.244677 9.785955
18.951103 10.697048
8.812072 1.038848
-18.709280 5.383862
-19.595846 5.773654
-16.706146 8.796431
-15.934455 3.341547
-0.228595 -17.249567
-19.501328 3.990400
18.682343 6.698416
18.842087 -1.896216
-19.468609 3.337639
-17.480940 -14.360246
-15.249365 2.584075
-1.898472 6.207820
18.221727 12.165908
14.893530 11.722203
-21.018332 3.042902
-16.217720 8.112988
-8.519983 -17.295965
18.518209 -5.437300
-2.948145 5.715700
-14.957114 7.839141
-18.883404 8.497099
15.808890 6.351866
-3.326213 -16.905283
-14.220883 10.171845
-12.769726 2.314647
11.601336 13.662008
-4.241240 7.031923
15.071258 -2.339418
7.118855 1.638351
15.780890 5.298809
-14.737804 9.030189
-9.444605 4.361232
11.345700 13.432158
-6.410927 -16.046938
-4.406247 8.306627
-1.997162 -16.593925
-15.788448 -15.393877
-12.045726 7.870183
17.962950 6.949942
17.855442 8.875787
-9.423475 -14.178075
18.132750 12.681782
-3.701774 8.103144
15.609779 -0.076097
7.200513 1.440627
-9.961563 1.033257
0.702450 -16.959816
11.310812 -1.443104
12.672271 -2.631826
11.008501 13.724801
1.803217 -17.320930
18.661749 -0.108126
11.361967 -1.472987
-7.657307 0.017190
18.447432 7.156460
-16.287827 0.168329
5.561447 6.892344
19.908745 7.712912
10.896244 14.364550
9.003432 10.022589
1.790164 -17.023275
19.348116 -2.313372
-13.338329 10.629384
9.201386 12.138748
-14.559847 8.174820
-21.292414 5.122354
7.275336 4.436018
-13.477965 1.710272
18.467506 -2.684274
-1.702550 -17.178062
-16.539074 1.236009
12.761617 9.985751
20.600418 8.484868
-3.466832 7.898787
15.978317 6.780120
-14.769282 11.022830
12.600155 6.610097
11.389414 13.651362
16.181986 8.015360
19.436672 -3.472390
-13.237149 9.225431
-11.317092 -1.792216
17.019325 7.366605
-6.327131 8.847501
-3.859631 8.204499
7.600999 1.149275
12.250803 5.203299
-4.151673 8.408607
-3.287365 7.413357
-10.841204 -1.318381
12.374516 14.314795
0.904353 -16.587299
-11.888171 -1.458735
-9.280393 -13.909421
-3.882776 8.137417
11.810206 13.794662
16.743189 8.465969
11.338720 14.022566
17.303516 6.451056
6.510911 3.422683
-17.908632 5.375471
-12.614844 4.565390
0.239379 -16.447496
-1.297895 -15.711615
-4.185933 -16.374716
-20.645334 2.937872
-3.182557 7.577081
1.580494 -16.636795
10.075790 13.521144
19.880247 6.946463
6.119998 6.337300
-13.536112 9.331186
12.975727 9.050474
-13.289486 0.302951
1.689514 -17.849823
-9.357125 2.048765
2.242728 -17.870634
-1.949047 -14.569064
8.384940 4.559268
-5.242940 3.782588
-13.751192 10.889412
11.079854 11.052762
15.824475 -3.721570
18.519112 6.968078
12.882292 -2.871516
-13.896224 10.144279
18.621840 -5.330911
-18.039434 -14.881295
-10.992361 2.141521
-12.111604 -17.594460
-19.832523 1.065741
19.956917 7.494334
20.259384 8.348332
17.191872 6.857788
-10.481210 0.261431
-7.057841 5.500008
19.166197 -2.435773
-11.428521 -14.561680
-17.503984 -15.630604
-7.052207 -17.556400
-14.746102 4.323409
-19.310547 2.037925
-14.504009 -16.650909
17.599228 11.464755
-4.668928 3.289565
9.679691 9.667520
14.910833 2.919371
-15.995529 -13.221086
-17.948381 4.852075
-6.777855 -17.449614
-19.925663 4.441066
-16.585135 0.432594
-21.069040 3.667002
-14.873360 3.225188
12.719004 11.955853
18.140541 12.360076
-6.733835 2.059414
11.644159 5.073968
-5.614669 -15.418425
-9.486086 -1.266930
11.178151 14.190497
16.728460 6.063744
-17.180536 -12.824348
-7.704254 1.270505
-17.606909 2.132937
19.479845 -2.493150
18.908468 11.445616
9.599913 -0.085894
14.190544 7.978047
14.201245 9.643440
-18.472857 2.762101
-2.788055 -16.557352
-6.726951 -13.744359
10.922080 1.795449
-5.672878 -14.799780
10.535744 10.120749
-2.792687 -17.737078
-5.493415 -15.486254
18.685659 -3.067025
-3.817753 -17.505039
-20.935358 3.513777
18.463978 12.237066
11.489641 9.759778
-4.488903 -16.592091
-12.992187 -17.541628
-20.620602 4.595376
-5.598317 0.613980
-20.778416 3.698479
-11.446563 1.601556
-20.881744 6.538363
-19.980648 5.421354
-4.360126 -14.662578
16.330040 2.222516
15.714361 11.841583
21.413523 7.509619
17.951815 -1.463269
-20.004942 5.277527
-5.814982 0.897230
-16.881081 -13.240481
14.125244 6.713801
18.856731 -5.461106
-7.051215 1.721161
13.447605 -2.347880
-20.848042 7.735696
20.235212 8.473244
-8.400171 1.653060
-4.136452 -18.595367
10.697251 1.349088
-16.351994 11.031620
17.755581 -1.306030
-15.002122 7.285281
-6.210709 -14.196231
-9.025643 -1.003350
-11.257519 -16.074335
-6.713130 -16.438641
9.426687 9.828324
-13.913034 -12.875667
17.690693 11.604599
-9.297194 -2.844429
-5.633319 -13.677057
-7.781465 -14.829591
-18.243200 4.479199
16.383162 12.411002
13.454078 9.897012
16.933851 3.288135
9.329417 3.635037
18.921034 -5.142201
-7.371128 2.090669
9.231605 2.904179
11.859071 10.120750
-16.831270 5.413136
-5.546043 5.779636
3.830398 -18.255777
-9.303831 1.877151
18.665285 -5.626907
16.819954 5.534905
-21.238091 3.837797
-12.261279 2.541316
-2.445581 -19.177795
17.029636 2.506070
13.234402 4.567955
-8.177388 2.032167
-20.098740 0.989385
8.953424 0.018582
-20.220694 1.280082
-17.659779 -12.317521
-9.780432 1.557049
-10.488922 -1.150682
-6.331769 6.204402
-6.313180 -13.770682
-16.132927 -15.713607
-18.456179 -14.853732
-16.209156 1.811488
16.840275 2.560590
22.273256 7.678245
20.549688 10.373993
-10.189912 0.205364
-17.552084 -14.802059
15.268745 5.986504
-15.530703 2.147409
-14.175947 4.056244
-16.387459 9.867229
-17.205677 6.680903
22.077372 7.609510
-10.313266 0.279104
17.288641 -2.048579
-14.486241 -14.864874
-18.195587 -14.831429
13.819153 0.266641
-21.547424 8.324350
22.201984 7.456633
-10.145066 -0.054034
16.155293 8.627692
-17.997503 -14.455343
-15.201286 -15.787538
-12.653962 -15.952320
-10.614366 0.325770
18.951580 -4.730985
18.986118 -2.946930
-11.129274 -15.459402
12.406343 4.874432
-17.420977 -15.443329
-21.600376 7.825602
17.478088 -1.184584
22.160086 7.911477
16.794516 -4.057391
-16.881969 -13.352242
-15.423556 9.214722
20.535433 7.035826
-15.799541 1.410922
19.074312 -6.127197
22.139027 7.826347
-8.563142 0.793439
15.552182 7.991615
-15.327230 -16.435230
-18.807524 7.445803
19.934872 6.261452
-7.488600 -18.790022
18.753256 -2.262503
-17.386148 -14.137426
-11.806717 2.046156
-15.884139 -13.421127
8.931378 2.655147
-17.311119 -14.182192
-16.058903 1.247084
14.402927 -2.218399
-9.442702 -0.883638
15.555460 0.687734
16.812952 0.079257
18.666695 -5.571472
16.144064 7.304813
-6.067730 -0.412193
-20.484371 2.566230
18.102636 6.818290
15.460619 6.059770
-11.334195 -1.669534
-18.602472 3.445940
-10.149997 0.237817
8.742975 10.825085
-10.433319 0.304595
-12.993564 -1.093223
-17.843790 -13.761453
-7.805732 -0.344919
22.249228 7.950856
-16.480886 0.570250
-17.930243 -15.223312
3.560033 1.646042
-17.368353 2.306901
19.240656 0.441958
-16.381945 -15.357532
18.886129 -5.644969
22.146452 8.065900
17.026352 7.207091
-17.858496 4.868026
18.372116 -5.572226
-15.547398 2.038444
-16.359560 1.280049
-12.477962 -17.410736
17.540176 -3.046671
18.642952 11.713364
-15.942350 1.880562
22.254940 7.773829
16.580524 1.327748
19.198925 -5.054650
20.390705 6.829251
-18.693876 3.444604
20.370934 6.734076
-16.674461 -12.186163
18.769142 -5.326198
17.848028 -0.785934
-14.865599 -16.134073
13.188372 12.258933
21.440044 6.169612
19.051229 -6.024867
16.586458 1.033281
-8.300896 -17.029505
16.843527 -1.422143
-15.728138 9.413753
-11.482282 -12.950053
-13.932135 -13.546907
9.751412 12.685495
-1.647264 6.318221
21.301878 8.041548
13.043124 -2.796782
9.342880 4.822953
-1.305451 -16.830717
17.410789 -0.577643
-15.154428 9.491816
-18.050692 -12.421081
-14.436183 -14.242716
5.649946 8.177111
16.863432 6.401928
-7.017328 6.136204
6.887895 1.993460
-15.849933 -15.164796
-6.446665 -16.509998
-15.615534 2.104939
-12.716662 4.694848
-15.458419 -12.994462
-14.071769 -13.356013
18.940617 1.027445
11.667937 12.575784
-15.622820 5.020705
-4.239950 7.428222
-18.244980 5.250074
-18.918139 -13.111779
-13.021605 -12.637157
-9.574872 -13.872305
12.575781 1.714277
13.277875 0.479563
-15.303582 -12.278717
13.899240 10.105197
-10.591815 -15.297258
-5.985699 -13.386289
-6.227376 3.706958
11.323421 -1.618886
17.474829 12.343488
-16.182882 8.331166
6.966221 1.700560
11.521736 12.183287
-6.792367 0.494591
-4.809626 -14.384148
11.370260 13.183176
-15.789546 8.960144
-10.961824 -13.729792
21.411755 8.082973
-12.885779 9.071957
-9.463761 -14.058134
-7.755216 5.989688
-7.835058 -16.073423
18.077579 -1.789172
-9.356817 4.994735
-16.613512 9.007827
-15.487671 -15.028269
14.986558 6.440428
13.673593 -3.093616
-15.837877 -12.250826
14.626503 7.023588
-7.073035 -16.027649
19.169704 -1.373790
12.611997 8.342561
-7.418125 6.800433
-7.316240 -19.015249
-15.942592 10.510736
-2.594049 6.528956
10.545827 12.411862
-16.263868 7.272018
-12.407129 7.423421
-12.907310 -1.335651
-8.391554 5.213737
7.182447 2.204856
13.184926 -2.888037
18.105659 12.439579
-6.687297 1.738907
-1.447592 -16.747543
-17.833549 -13.901602
-9.292450 5.423913
11.772148 13.186150
-15.894877 -13.881585
9.448567 12.714472
18.940866 -5.500329
6.760118 1.678312
-12.727082 10.008302
-9.337454 -11.978654
-1.911195 -15.349535
-1.224136 -16.912964
-13.170511 -0.560381
-18.531216 4.591422
-16.247717 8.488037
-6.636174 6.441244
-17.252316 -0.135296
12.935166 13.024791
-13.562395 -15.264050
-19.740343 3.903434
13.313887 -2.912208
-12.893480 8.370630
16.434195 8.754695
-15.969560 3.200573
16.944338 -4.932521
-0.304526 -17.319550
-14.245869 -0.579729
-6.600510 -13.935632
-2.707120 7.297072
-3.820900 6.701069
-5.783375 -15.760299
12.835643 -2.075920
-13.604982 10.642021
-14.738337 -15.608399
18.988001 -4.148095
1.778520 -16.781893
-15.073520 4.320419
12.574785 -2.647765
-12.354970 6.031356
-10.152837 4.149371
12.365027 2.168832
-16.244291 10.166267
15.912443 10.092487
-16.847477 -1.515252
0.922534 -18.046143
-19.496687 7.347718
-21.347609 7.644527
-15.698756 5.179185
8.809132 11.754781
-14.364653 10.259865
6.801935 2.698024
0.791480 -18.556732
3.529095 -18.157038
-10.178165 5.251708
16.363256 0.529026
-15.671719 11.961069
15.284486 3.206674
-9.305067 -14.254859
17.912045 6.902755
12.194545 13.313062
19.870995 9.346132
-2.910055 7.975855
-17.543880 7.791098
6.781741 4.309415
-18.015963 0.935514
2.675295 -18.339302
-18.820738 5.401927
-21.070301 7.899588
8.661915 11.339349
-6.810457 6.065431
-5.448248 2.242248
9.455933 3.931768
-10.227296 -16.059929
-8.418571 1.146444
12.005999 9.569997
-15.328955 11.511365
18.807962 -0.417646
9.283242 2.227302
12.390528 1.239109
14.487834 7.856440
-6.190630 6.398863
8.785824 1.856649
-6.397714 0.131207
1.160445 -17.638060
13.297544 13.808107
12.635831 4.076615
0.354689 -18.202181
5.969234 4.579741
6.376598 6.796984
-17.481861 -12.364517
-1.289266 -17.413929
-0.645165 -18.030333
-17.116205 6.427505
-3.828288 -16.803793
14.117654 6.376353
-3.413534 6.711626
-0.705106 -17.597975
-11.013610 -0.949139
8.613639 12.755517
-17.031744 6.283001
9.506999 13.383083
-18.666050 -13.312188
-5.982223 7.321014
8.349627 1.427840
-6.657930 -19.066751
-3.153141 8.127931
18.726097 8.017505
10.815348 11.399402
-16.404757 4.639335
-0.844593 -16.721302
14.841426 0.598404
-21.170885 8.460900
14.925031 9.560734
-5.824317 6.340813
19.444763 -3.969420
12.589796 14.297166
-17.623621 5.080874
9.554790 9.943894
-10.920254 -2.231442
-5.961500 5.746956
17.777164 7.589436
2.752268 -18.051840
18.506056 9.416714
-18.373131 -14.433915
3.802713 -18.020336
18.946518 -0.054805
17.959711 12.325843
-0.372294 9.652736
19.368431 -5.151788
19.293364 -5.168590
-21.218958 8.475761
9.078687 12.511518
15.049139 9.008113
-15.231846 8.304562
-20.465004 8.493902
-10.464421 3.869794
-7.814941 1.022966
-17.781775 -12.369579
-21.045908 8.479412
-2.941992 -12.840667
6.653963 5.219620
7.558274 5.580482
-5.683424 5.944832
-5.425348 1.007850
8.367999 11.711382
-12.723558 3.370196
14.448317 13.728838
19.380960 -3.242090
2.843640 -18.163586
17.623480 8.205594
-17.548094 -0.006612
-5.650952 -19.211973
-15.261586 9.714670
-21.103498 7.107965
-12.932010 -1.144613
18.090460 -3.439027
15.885791 12.002307
-7.558572 3.721949
-18.753794 -0.631792
10.588799 1.313970
-10.604541 -2.834674
-5.764509 -18.941133
-8.952801 0.016122
-21.102377 7.500134
18.424925 -5.010561
19.726017 11.097308
-17.208256 1.521677
-4.872967 5.834566
10.825699 5.935495
8.742435 2.642959
-19.587742 6.669767
-10.564059 -1.922442
-3.365883 -17.725540
1.962793 6.410683
-21.340216 6.324777
17.314865 -5.137718
14.434956 2.333786
17.142155 12.603869
-6.962076 -17.581108
-1.998420 6.193756
7.751814 3.087505
-18.231802 4.875116
20.872028 7.153533
-11.701003 2.487025
17.650156 7.162002
2.713295 -18.696251
14.836981 2.196141
9.751437 11.507314
-3.321130 -15.867198
0.634597 -19.312416
-13.455643 2.717990
-4.854625 7.031357
-17.917158 3.986856
-17.127680 10.152137
-16.704269 3.619098
-3.540528 5.889379
17.559259 11.935500
-2.171575 -18.071543
12.929189 10.593305
-20.967346 3.648708
-2.790308 -18.943876
12.925598 12.138489
10.074210 10.566412
14.408781 7.441202
6.597176 6.635731
-15.538665 2.196895
10.037025 -0.104550
-18.110355 5.422360
11.003167 -0.403303
-7.821750 0.841055
-4.657140 5.114824
15.591779 10.067462
-20.505350 6.653444
-19.994408 8.030608
9.569995 11.026212
16.186592 12.776079
-12.597119 -2.953195
-4.488003 2.018998
-2.173400 -19.307444
14.264264 -3.383595
-1.325125 -17.103514
-3.644845 -17.288054
-13.081748 -15.481877
-19.369762 9.574366
18.509518 -2.351393
-19.885698 8.302998
-7.371830 -16.041752
22.004393 7.869691
-18.662149 7.931359
-11.571464 -14.064381
11.033979 -0.865976
7.429544 1.439794
9.856289 9.676862
-6.371171 -16.672329
-16.111383 3.992689
-20.934315 8.747066
-18.216461 -14.565503
17.556597 -0.822572
12.288260 13.243501
-14.866060 -14.791905
-6.628650 6.781475
19.122206 -2.510456
7.980833 3.571928
-1.476484 -19.243599
-11.631790 -15.507358
-16.903166 11.609796
14.669631 -3.487468
-11.270115 1.009871
11.771937 13.413342
-19.850189 0.173321
-7.369083 6.663698
0.954478 4.479485
8.322181 3.714379
18.519251 6.720448
-19.466944 5.576533
-0.716411 -17.364822
15.421411 -0.035572
18.886255 6.393032
-16.471216 11.828413
-13.035263 2.034531
-13.389537 -12.289747
10.161926 11.984828
-4.154764 6.977295
7.486312 5.373115
9.971056 13.270863
-13.817715 10.411026
-5.093494 -12.646781
17.159105 11.773831
-17.614191 10.822641
15.228574 8.242762
10.866047 12.475106
-14.492106 -14.983607
-1.967285 -16.554434
17.979147 -3.552794
-17.372852 11.157930
-3.324723 7.121832
12.225162 13.046314
9.736002 2.289042
-17.430138 0.290593
9.115771 12.111648
-15.345695 -12.531419
14.558487 12.377002
-16.866531 4.899534
10.155742 0.437659
15.593842 -1.415876
-7.911058 -0.423858
7.956670 4.678843
16.032393 9.652351
-5.378322 6.662513
-1.759294 -15.717655
-17.198656 11.379195
8.854444 0.564509
-5.322380 7.190307
-13.767100 -15.974403
-18.006298 10.529951
19.485397 -1.784495
-14.433290 -15.655066
-17.246504 11.332990
-6.826707 6.405887
11.058205 8.825678
-1.343466 -14.473532
-18.941093 -13.091674
-8.300387 5.858477
-3.585279 -17.262606
-17.112425 11.442146
-18.415386 8.329299
-19.845097 1.499465
-1.725461 -15.407209
3.419637 -17.665558
7.951445 2.644074
-15.378072 -13.510447
-16.494932 11.683451
-2.094116 -13.214275
12.791517 13.076996
19.730984 11.147443
-2.851726 -16.971531
13.214105 13.161184
17.277906 -1.553406
-16.558676 6.032434
-1.974946 6.397810
18.010880 12.359619
10.705647 5.187995
-2.082154 -15.091114
12.300995 -0.821099
-8.427464 3.315350
17.885557 -2.982471
0.231251 -16.825155
-0.498078 -15.386168
-17.235388 11.676697
-12.261445 -0.906428
-0.877541 -17.279659
-20.695293 8.948928
-17.071760 11.460637
-5.568837 -13.168380
-5.904248 6.114225
-6.042779 3.904219
-6.468278 6.663548
8.590146 0.930836
-16.655569 -0.010172
14.825946 1.645349
9.215129 2.745639
-13.243933 -16.720335
-17.056440 5.050091
-4.267173 -17.511471
-11.281222 -13.874088
10.668355 8.170947
-15.113469 11.050867
18.430563 -3.248752
7.998335 3.903839
-3.962440 5.747311
18.787209 -5.369345
8.869456 2.275786
-19.378965 0.283665
-0.746094 -17.683298
-6.136574 -13.909758
9.320083 7.356964
-18.426491 2.747387
14.129252 -3.458651
11.980706 13.978721
-2.274610 8.091027
7.561473 6.373166
18.094954 -0.340866
-20.869028 2.574929
0.335974 -18.928398
-13.266011 8.870198
15.410389 7.065308
-16.008366 -13.785335
-15.125201 -12.668491
8.473430 6.830525
-4.505938 5.431933
7.517509 5.524418
8.751472 10.044140
10.821913 5.549876
-15.453006 7.102621
-5.560461 6.876500
16.281904 5.570030
-6.057163 -14.309877
-5.186404 5.990461
-6.163011 5.502037
12.703015 7.621533
0.262585 -17.206779
15.933861 6.914496
-12.831162 9.114474
-19.951334 1.698912
-3.177313 -16.417414
-5.341390 5.284576
-14.547649 11.421726
18.911385 -4.475817
10.562981 0.199772
10.111576 0.270429
-16.534853 -0.836269
-15.382397 11.773276
-8.214431 -0.135849
10.851892 1.874016
13.253754 3.909914
9.905581 4.661585
-18.211609 0.955003
-16.710941 -13.467576
11.075557 1.179207
14.636091 6.229318
-4.075479 6.171609
-17.471350 6.289368
7.593005 6.852750
-13.967758 -15.062424
11.157504 13.565873
-4.707459 6.229996
12.634643 -1.075409
-13.035889 9.042541
-2.746100 -14.223041
-7.483626 -18.653534
18.440876 -4.479972
-17.659531 6.255363
-17.493687 -15.133971
12.455511 12.243649
-15.733039 -13.226050
12.156327 13.809074
-12.840127 3.839364
-3.172539 6.094913
9.068753 4.492337
-18.528177 6.138369
1.878557 -17.819761
12.213712 3.822232
-14.037066 -16.498871
-15.874387 -14.467250
11.061946 0.338833
18.314104 -5.420228
8.984310 0.213240
-15.087078 5.752753
-15.051840 11.152830
10.729742 -0.066937
-13.784223 9.628489
-7.042623 -13.636245
6.144690 6.666816
-14.301573 -15.037751
18.167458 -1.862457
8.197020 4.518095
-12.086366 2.796880
14.324811 7.807819
14.953617 12.290539
9.150518 6.025782
8.052151 5.135540
-1.062798 -16.738649
14.988955 7.450301
-14.756890 11.727055
6.641097 9.583311
1.179875 -16.912529
-12.852395 0.952658
-4.016660 7.111716
16.718990 -2.707361
-15.129493 10.901931
-12.999131 4.740617
-15.658402 11.448906
13.913375 3.250349
-17.370821 3.615391
-15.037378 -16.020517
0.219677 -15.897655
8.156168 4.174975
17.452005 0.458631
-15.111070 11.433318
-19.875916 3.488202
10.998760 -1.125969
19.986698 10.104557
-6.956355 5.435324
-8.519152 -14.738182
12.221370 13.835829
-0.308627 -17.281694
-1.353583 -16.577862
-18.684568 1.254361
12.658064 14.105254
-5.640683 -19.288687
19.500790 -0.034532
-17.199091 -12.320451
-21.484724 7.165635
20.199781 11.214099
-15.524920 7.403563
-21.966974 6.324957
-15.594902 7.454171
16.747852 12.120955
11.291366 7.684523
-8.557099 2.119009
10.359624 2.500530
-19.512299 2.622978
-6.445117 -19.279736
10.284440 7.915128
-21.470886 7.168221
13.520568 0.598976
-6.288348 -18.938299
17.996405 12.346856
-6.127649 5.505141
9.061816 0.954666
-18.726217 -13.176909
-4.859906 -19.356926
-9.524569 -1.429758
-21.595987 6.717997
14.545138 2.860629
12.453058 8.145742
16.493578 13.150013
-16.767406 -0.902522
-8.769188 2.294240
8.701107 0.667972
-14.878409 -16.143137
-5.656960 -18.925995
-12.234955 -0.172160
-8.919547 -0.008462
-15.445996 2.814301
-21.322170 6.983621
15.968990 2.000833
-19.355045 3.826570
-8.679876 2.037707
18.073965 -4.613245
-6.267971 -19.114267
11.418971 9.221862
-17.130856 6.738755
19.413605 9.453925
9.340245 1.782171
-16.831240 -14.187340
16.080244 12.729597
14.688435 8.383484
-21.440483 7.456684
-21.416739 7.675933
11.935778 -1.385721
-12.294120 -12.862652
12.423038 8.472404
-13.426842 2.544107
12.670946 -1.167281
-21.364729 7.744989
-3.938841 -16.438103
-21.306860 6.816235
-6.586725 1.322814
11.147397 0.518234
18.416670 -1.597439
-2.998067 -19.320232
15.356344 -0.433337
-21.177172 7.484863
-4.119424 -15.038293
-2.207293 -19.244667
19.001415 -5.212678
15.373219 12.617505
22.330837 7.587450
-21.428392 7.349249
17.545153 12.825614
15.966222 -3.542685
-7.797551 3.622035
-18.377077 4.207132
17.107517 2.817454
-14.465379 -15.122463
-18.907646 0.330813
0.151801 -15.457754
16.367159 12.282624
-11.653400 -13.710105
-8.419168 2.114804
15.835648 12.046298
-17.688383 -15.090305
-14.944009 2.846228
10.732119 0.686649
-6.563461 -13.298889
-21.287699 4.314557
-8.878226 1.049599
0.169430 -18.343283
8.375524 11.015398
12.080188 8.857792
-1.536684 -17.964264
-4.509547 4.840869
8.594439 12.341606
16.275606 12.156460
-13.436615 -16.611822
12.633005 -0.551930
16.048584 11.244975
-15.611876 4.643613
14.324784 -2.472412
-13.839797 0.072366
-8.237808 1.452474
10.894117 0.843702
19.359039 -4.695642
-9.415371 0.596619
17.587759 -2.288853
-9.430359 0.805208
18.855093 -2.817817
-2.729573 -18.327936
15.459262 -0.644376
16.049488 13.175073
-18.637632 8.535702
17.290897 12.693823
19.501598 -0.080750
-21.392820 7.792967
12.825018 8.829437
-7.111903 -18.777367
-18.875919 0.427913
-4.817379 -18.145859
-12.335506 6.379592
-15.618029 -16.135216
-8.761860 2.016955
10.171704 -0.474319
-11.099824 -14.313533
-12.183990 -0.210583
-3.464794 -19.321609
-6.652949 4.681636
12.221593 4.992444
-7.855758 3.846258
8.680730 0.655284
-16.574850 -14.895059
-7.930304 -17.094376
-6.045831 -16.815809
-19.106382 9.957964
-9.420857 0.800496
-20.297287 2.783126
16.965090 3.596603
-7.853219 4.021236
10.412460 8.335727
12.066225 -1.165542
-11.785728 -13.962689
-3.595042 -16.767578
-18.664042 2.187333
-10.111305 -16.563303
-19.065697 9.679200
17.482660 -4.539966
18.794140 -5.583844
-10.794600 1.654857
17.295189 3.981826
-11.873148 1.173951
-6.586928 5.753338
-13.800764 -15.720052
-5.619450 -18.044144
10.373696 10.886802
9.670693 7.898531
-19.183126 10.193715
-6.219777 -12.631139
17.345640 3.520258
-7.393104 4.862356
-5.560183 -13.720118
11.045496 1.907550
-18.868116 9.734255
15.701765 3.025718
-7.580023 3.257322
-5.405654 -17.180115
17.281038 5.150620
21.933218 8.087980
-17.839714 3.763702
16.288120 -0.222954
13.731535 -3.000710
-18.963165 5.330718
17.118095 3.598539
-10.814225 -1.358819
-18.724854 10.500928
-17.199587 10.834483
11.134844 3.400041
12.443769 -1.206761
-18.831438 10.221935
-18.040476 0.337102
-18.869349 10.138743
14.679118 -3.451197
-4.472153 -17.805164
15.571054 5.839178
19.349798 -3.929090
-18.976809 10.258199
17.596212 0.444473
-6.715575 -19.001802
17.196886 3.667112
-18.965246 10.119051
-11.750995 -17.412703
16.976454 3.839265
-9.718932 3.900218
-6.642663 1.589348
-11.388552 -16.336130
17.680548 4.029890
11.247192 3.524890
-7.660228 3.673032
17.117813 3.669221
-19.245314 4.127170
-16.878735 -0.889688
15.395701 -4.018386
-18.876913 10.310659
-18.922693 2.328160
-7.188659 4.947688
-12.613517 2.156074
-4.470564 -17.238979
17.031818 11.286415
12.799666 8.260810
-8.396165 -13.028623
-13.279342 0.703833
-4.427093 -18.343199
-13.468164 -15.161545
19.280884 -0.889634
-7.601446 3.898606
-2.424323 -18.975315
-3.060998 -13.751488
17.869596 3.844765
17.027777 -3.244828
14.785080 7.689023
12.067606 -1.068511
-6.264012 -13.567045
17.373444 3.767729
15.897226 1.552026
14.460005 -3.252841
-9.710936 -13.882454
-6.523229 4.479636
-7.734688 -17.269768
17.302954 3.841166
-16.209162 5.653025
17.295332 3.821343
-11.620660 -1.550557
-18.631609 10.293451
-11.477002 -17.389616
-17.148802 4.636192
-4.718583 -17.553114
-4.388359 -18.074694
-18.580175 9.811738
-6.348676 -19.095259
-7.435469 4.059455
-6.081002 -17.301266
-20.020536 1.241124
-0.714645 -18.917059
-20.477413 7.619658
21.282103 9.502932
14.436489 4.003625
-0.056620 -14.336587
17.115150 9.893498
-13.438869 -13.172801
-7.677820 1.579955
18.946964 -2.492135
11.352585 2.510346
-17.725750 5.383957
3.453253 -18.319155
-16.199633 11.067030
-20.881695 3.341517
9.819692 9.143001
-2.670950 7.240827
-14.286936 -12.673124
8.467142 5.371529
17.448933 1.023065
3.485822 -18.430555
-12.426617 5.849910
-9.682357 -1.412149
15.958023 10.172248
20.483124 8.581998
-5.694590 6.448497
11.831939 3.052128
13.958619 10.505622
16.917702 10.154906
15.434262 7.752783
-12.414551 -16.082300
-12.839144 7.917331
12.927258 1.994972
-6.276923 4.465880
-5.006930 7.118524
-13.219555 8.763138
-1.832026 -13.546874
-3.950252 -17.706244
-17.293236 6.664620
-3.184745 5.230117
-5.231889 1.136730
18.688459 10.564397
-9.133942 2.018510
12.548553 9.350055
-6.325251 -16.509432
-10.359380 4.814481
19.695696 -3.788688
-15.537148 6.196937
18.795837 -5.528650
14.488694 -2.981826
-3.153581 -14.906404
-16.983631 11.187829
-6.904100 1.350644
16.114609 10.333908
16.973639 7.773024
-7.574750 -17.008249
-0.573212 -18.912401
-5.132727 7.525321
-5.255048 0.100660
9.525601 2.127935
-3.412067 -14.703316
-17.551285 6.732304
12.676246 2.227737
-18.709524 7.194987
-6.569667 2.086111
-15.913170 4.894384
15.941996 11.448278
0.877917 -15.928405
-15.295111 -14.659761
-15.888256 10.673677
-20.895168 6.846295
-4.714154 3.211546
19.450199 -3.926186
-3.912793 -15.034019
16.048521 8.870492
-3.403995 -15.667708
-13.786746 -14.512844
-5.683996 6.951694
-10.964524 -16.928385
-19.699657 0.474705
14.457037 -0.706239
16.610458 9.161328
-13.294731 0.497610
-16.904570 -11.213502
-4.235306 2.867736
-18.792929 1.892999
-13.340981 6.874655
-16.941950 -14.013983
16.423458 9.956953
18.964788 -3.566706
12.163126 2.665658
18.583578 7.158792
-19.594505 7.198033
-13.610361 6.502677
-16.009254 9.766972
12.792525 9.337195
11.588341 2.458673
16.030149 2.441847
-12.107088 7.718307
-13.092364 3.478187
-5.854218 3.438238
-7.615661 -16.314466
-20.477421 8.501655
-4.457440 -17.579416
18.873003 7.035334
-6.493716 -17.275574
-1.944805 6.354775
-6.669342 2.658599
-6.326926 3.532779
13.131004 8.803042
11.664846 2.362132
-15.252394 5.097243
11.706057 1.082333
-12.547186 -12.674227
8.381341 0.920469
6.409722 4.879341
-11.530533 -16.430267
15.218699 7.471657
-15.001607 5.458005
-13.565471 -12.859156
16.045036 0.277475
-6.409983 1.622298
14.430927 2.105419
-15.720594 4.076697
-13.257847 -15.861765
21.912746 8.079256
-15.885847 5.134131
-15.375741 5.906096
12.281513 4.544384
-11.602156 -0.883230
-14.670367 -14.968317
13.432736 2.555148
-12.858002 -17.223936
-10.258606 -13.789777
9.972217 8.730208
-14.602020 5.992290
13.874414 13.745385
16.224833 -2.215162
10.605391 5.555637
15.636585 8.312764
-5.670915 2.911670
-15.901711 -13.675487
10.677066 4.798281
-8.080888 -14.959141
-16.616978 -13.590840
-5.654481 2.536751
-19.109531 2.891101
-5.272000 -13.202513
-5.539476 -15.848057
-16.911858 0.313256
-14.739409 6.320532
12.792997 4.372625
10.178103 5.974457
12.354389 2.282755
-16.352905 -14.879774
-13.621654 8.402970
21.962576 7.975478
-10.912250 3.590712
-5.913836 1.058113
17.406296 -0.826422
3.108469 -17.515018
-12.207205 7.227851
16.925392 8.170930
12.471783 1.928561
-7.595029 0.664836
-5.595866 -15.413190
-0.932111 7.173487
-4.585883 -14.228732
-12.771944 -12.514425
-19.854235 5.600149
12.350352 0.298956
15.825430 8.196572
-16.853003 4.104067
17.172661 7.513754
-8.532871 3.101291
-17.414473 6.871681
12.777407 1.641022
-20.105227 1.942118
13.908898 1.771612
9.514138 8.804571
-7.144604 0.895563
-8.438257 -15.330833
17.087614 4.391332
11.393990 2.932348
-1.152452 -15.659898
-20.655409 2.849849
-3.774483 -14.987514
12.036851 2.050018
-11.303742 2.637104
16.858763 -0.609414
-5.250792 2.933743
-10.024919 -13.529986
-6.384932 0.414819
-5.112512 3.690288
-6.119666 1.059762
-7.108821 -0.012218
5.317504 5.657310
-10.736965 7.383215
13.473677 2.495528
-8.919450 5.488396
-6.185315 -17.498072
12.433273 5.017001
15.818972 -1.608479
12.471567 0.431852
-12.281135 -12.615666
18.332489 12.022882
-17.353626 7.866936
-15.129190 1.829710
-14.678343 6.061571
-4.883740 2.989236
-14.334388 -14.865184
12.630424 4.217882
16.963385 2.162949
11.788700 -1.555145
9.056835 6.805842
-20.173229 2.174667
9.981634 6.121775
15.633011 2.961398
0.168491 -16.071878
-17.709904 8.339239
-18.069315 1.530788
-12.249877 -10.935008
-17.504997 -15.769087
13.150803 6.622857
11.668738 8.883545
-11.556601 -14.119266
20.726669 8.658040
-16.324141 -16.522486
14.429033 8.337043
18.329657 -5.159807
-8.970851 1.006548
-5.113112 -19.007189
22.249956 7.874096
-10.491671 -16.468000
9.728009 11.650090
19.358688 11.289604
-6.139616 5.564304
13.102654 0.333727
17.054136 12.324949
-6.532857 5.758757
-20.087013 3.516591
6.486381 5.650203
-21.225199 3.767424
-9.330713 -0.158566
-9.103419 0.638550
-20.833685 2.803689
-3.367305 -14.812629
17.303871 9.959896
-6.715584 -11.887385
-2.903027 6.767821
-20.097795 1.376251
15.892484 9.427263
16.897133 11.800817
-16.891113 6.370716
-7.092628 -18.905626
13.107254 0.685804
12.514497 12.483186
-5.992442 1.768508
21.356428 8.370193
-18.666559 8.758639
12.572495 1.486498
-10.478718 -2.466803
-4.480453 -18.588007
-16.586660 -12.936301
-6.535221 -17.126207
17.420593 6.036757
18.244413 -5.609322
-9.524293 5.851776
-17.325258 9.862719
-10.812118 3.857868
-16.650169 6.080520
-3.575932 6.625136
-20.982435 6.179914
1.003525 -18.306719
12.069208 1.137119
15.645026 -1.414908
-6.444689 -16.545055
-8.614052 -1.140072
13.891094 11.961327
15.471898 5.511356
-5.711827 5.949880
-15.393879 10.109715
10.037519 1.028881
-10.584281 -3.169372
14.333009 0.410783
19.867710 5.681779
-17.156685 4.602058
11.283176 -0.462567
-13.440727 -0.731473
-10.440988 -16.582672
-2.845570 -16.290754
19.097044 8.977423
-6.317294 -13.446081
12.103552 -0.887135
-8.685813 0.842422
-9.779812 -16.817116
13.278432 -1.211458
-11.451680 -1.717348
18.424898 11.179328
-16.647669 -0.577688
-3.673243 -16.602411
19.351656 -4.539486
14.273214 -2.844974
17.832958 -0.302845
13.935145 11.047788
-13.973002 -12.379882
-5.512372 6.206433
-6.820514 -14.685529
11.736672 -0.191050
-6.176831 0.364542
-6.114758 -16.293835
13.236311 12.911427
-17.407246 4.972761
-17.205782 9.762556
20.802549 10.422472
-12.151264 1.278701
-5.125543 1.946157
0.645016 -16.595278
-12.412543 -12.791223
-10.497022 0.484011
-14.743558 8.531917
-21.074057 3.893686
-3.872169 8.252958
-5.626170 1.726881
7.881999 5.519716
15.240139 7.653822
16.083145 -0.225233
0.043337 -15.822705
-6.099436 8.514838
9.543200 12.966903
-13.544440 -16.307253
8.021801 6.935462
-13.396403 8.952737
-13.369478 5.370328
10.835888 3.526807
13.623137 -1.523901
9.265256 3.916229
-17.587927 -15.383472
3.631407 -18.432365
-11.859409 2.217926
-6.518978 -19.267384
-18.306820 2.842883
-13.084072 -16.451841
19.962894 11.290733
9.063068 6.266523
0.491656 -16.348656
14.816946 11.673862
18.416151 -0.600553
-13.216274 11.042450
18.934540 -5.435910
10.278358 8.164427
-3.530835 3.729899
0.508844 -16.440332
-19.468830 1.755785
17.927050 -1.108191
16.323116 -0.124081
19.870415 11.271488
-6.463971 1.385252
-15.315122 -14.687516
-6.347321 3.823021
16.664957 0.503950
-4.145420 -18.982887
-6.064338 7.921670
-11.153341 -1.991410
-14.691378 10.442992
7.976728 12.348255
-3.492722 -15.491357
-14.082398 4.407247
-18.513906 2.727071
-17.207582 9.863661
-13.252330 -12.493623
-4.735974 4.061354
12.921926 3.568127
-14.429020 10.624579
17.189365 0.522841
-4.495769 -13.621483
-16.491791 5.896355
-5.239381 3.876311
9.179979 5.802871
-16.194427 4.446766
7.909759 6.851867
-17.666470 -15.453797
-18.865145 1.793411
12.971291 13.944759
-12.756887 3.616667
0.748593 -16.352633
8.848049 3.958204
6.281420 9.045606
11.636177 7.241528
0.781190 -16.390631
-7.136848 -13.154330
13.985595 -0.397860
-12.178741 -1.018233
-5.012141 4.151549
-2.555399 -14.099262
-4.996193 -18.095686
-14.990783 7.418664
-9.868019 -1.706538
18.719419 -1.713248
8.411271 0.863287
8.249411 6.991775
18.663483 -2.640939
-4.800412 2.211054
14.084703 3.238306
9.426409 5.757077
-1.584270 -14.319497
19.140890 -3.155976
-14.824520 6.831532
15.281840 5.488817
10.593093 13.861648
-15.324708 7.295266
5.238027 8.003376
8.532438 6.843548
-11.904189 3.206838
0.429554 -15.413555
-15.838819 -12.516577
-16.532864 7.126378
3.336003 -16.830458
-6.072383 3.282895
5.418725 7.912508
-2.258330 7.247709
5.539264 8.335572
-18.752979 -12.944936
19.733078 8.868083
-1.802924 -14.068482
8.501019 5.829023
-16.801739 -14.627243
8.526224 5.335651
7.747155 6.676460
-18.860687 10.392464
6.636273 6.626427
13.859711 0.617780
-0.985868 -14.761588
7.906955 7.010033
16.049952 -1.165191
16.367867 1.627115
-13.856781 5.870496
-14.666333 5.225572
17.841078 1.538972
8.708875 4.576065
18.536659 -5.207178
0.611276 -15.580436
8.179341 7.255938
2.501022 -15.865328
-14.013498 6.537554
10.153263 8.869446
5.672933 8.183304
-15.751040 2.145415
-4.734344 6.085796
-16.052084 3.556837
-14.424540 6.506977
-5.420791 2.671562
9.792786 -0.256831
12.044608 14.140006
2.382534 -16.887987
-0.148142 -13.540779
18.489958 8.921229
-4.711155 4.815698
-14.466858 -17.048449
10.026156 13.374408
11.814123 -0.494280
13.960916 2.696359
14.031516 9.734140
-3.268800 -15.260559
-10.354703 0.491918
-4.499684 -15.073130
-11.361657 -1.995540
-18.658804 8.758625
-11.342158 -16.185024
-8.311754 4.756523
-7.003909 -14.754218
-12.527585 -12.621889
10.163426 13.549727
-17.598150 6.788379
16.849873 12.636374
7.837110 6.664714
-16.644430 5.915260
-18.883699 7.080343
13.277695 12.317205
0.989836 -16.074299
13.262339 10.136809
3.639339 -17.555767
19.769142 8.468912
-7.418327 1.277837
-4.930788 3.709148
18.141115 11.241941
0.750925 -15.631755
7.473280 6.584076
-14.177824 6.671096
-10.676779 1.006210
10.296354 14.377128
7.370647 6.058133
14.095499 1.868710
11.258619 7.510198
19.614859 -0.235847
11.470824 6.716659
15.071425 5.778976
-11.518764 -15.850059
-19.178404 4.653731
-18.355328 6.501928
-5.523098 0.341352
-10.819620 -16.930931
17.052034 6.259494
-6.961566 -16.037043
-8.199458 0.055522
-16.208723 -14.564364
11.686662 2.648890
-17.349812 -13.167948
-10.156713 -13.658829
-17.448053 1.976513
-14.576916 4.055886
19.106634 -2.293864
20.983606 8.257316
9.515181 11.673413
0.332417 -19.025768
-16.757061 7.140112
15.920827 7.565530
-14.666299 -15.334786
-7.485314 0.271247
-9.929275 -13.652450
13.505865 -1.693812
-14.550327 3.926586
-3.540776 -17.773735
-10.102839 -0.204597
21.761820 8.612361
18.177244 -0.632514
-8.544302 0.030151
-15.204047 -12.145329
-8.636308 -0.283356
17.007305 5.425801
10.986696 10.150974
13.810010 2.526150
-12.760731 1.621000
-8.410801 0.085211
-0.525071 -19.004246
-14.615339 5.376859
-7.478037 0.544481
-15.772174 4.307487
11.621866 -1.197879
-7.092576 -13.453362
12.990598 8.326279
-5.886719 -16.057098
17.928974 -2.837773
-9.480033 0.080631
17.783907 1.854411
-8.571640 -0.076173
-13.984031 4.143847
-12.389056 -0.765491
-5.108373 -14.684745
18.628170 -2.144020
16.825113 5.830691
-6.284978 -13.227262
-9.785737 -13.750907
-13.632637 4.925210
-14.423214 4.204153
14.168727 1.508882
-14.537727 5.618152
-13.209450 2.498407
17.982344 5.745759
14.870044 -0.071174
-10.424467 -0.043673
17.307106 6.330401
-11.677976 -0.315941
8.670241 7.227004
-6.905894 0.549563
-14.090501 4.293435
-17.943913 -14.288277
16.857071 5.879794
16.546469 5.195640
15.177995 0.402275
-0.140717 -15.481604
-18.513935 -12.544576
-3.208015 -18.599968
13.570221 14.030794
-6.484187 -16.604437
17.149408 -2.528557
-7.852357 0.451087
-12.771916 1.961114
14.111367 5.401388
-15.086981 -16.650129
14.795148 0.665037
18.712025 5.432158
-12.682947 1.090091
-10.314446 -13.535255
-16.376141 4.003917
-17.923439 -15.244350
-9.907963 -14.010233
-12.966292 -12.375754
19.313242 6.386973
16.694122 6.623383
-14.321483 4.004108
-9.874393 -0.439811
-16.216145 -12.603270
-13.920071 -12.703235
-7.754069 0.114413
-16.052149 8.221078
-17.932331 6.197189
-9.475378 2.962238
-12.103797 -14.338181
-19.713339 6.614300
-4.894727 -15.382720
-19.741911 5.624433
19.465492 -2.748747
-10.731757 -13.878727
-12.180492 2.344221
20.132702 6.873544
6.897205 7.978567
-8.501534 -0.019272
16.513638 10.714016
-5.021224 -14.446103
19.274284 6.567311
-15.335931 4.755509
12.186075 9.211899
-8.417977 -0.176472
-18.102968 6.289811
-15.811707 6.747025
21.222782 9.653081
-18.090071 -15.131726
15.846087 0.091872
-14.086349 4.336230
-17.066481 2.504006
16.025587 0.777452
-18.469370 -13.582062
3.698400 -18.442726
-16.181307 -13.863436
-16.522602 8.609862
-12.995104 8.250700
-5.485725 3.756495
-5.866238 8.448335
-3.090219 4.667856
11.003738 14.326329
15.054497 5.671751
-3.103327 7.390538
8.325132 0.391473
-15.880157 -12.571238
3.502654 -18.200880
-15.760653 11.392805
-12.907269 -13.868738
-14.855834 -13.824475
-15.830287 6.363146
8.000835 10.160128
-3.856699 5.530240
-19.556690 1.258140
9.169875 0.819974
-3.947239 -15.543072
3.842649 -18.348438
-19.124781 4.664830
-10.365011 4.984342
-13.894363 11.725441
19.264494 -4.089706
-16.469929 5.835857
8.877871 13.036725
10.992689 3.353711
-7.536077 6.492849
-12.140042 1.544122
9.565557 2.668844
12.196508 9.536017
3.528361 -18.016228
16.132235 2.489036
-17.091145 -1.140519
3.473556 -18.459934
9.947577 7.983831
-18.112650 -12.749097
8.500533 10.253762
-17.471695 3.732855
-15.964432 10.846878
12.726317 1.196114
3.137592 -18.884844
-9.929470 2.586266
6.944829 2.280747
16.367603 -1.419768
-5.787275 -13.673944
-18.888372 -13.489654
-15.480556 11.455796
8.856152 2.926327
2.672545 -18.613991
21.492596 7.860005
12.749804 12.772748
7.303332 2.776402
9.191130 13.341689
11.109072 2.902458
-14.718927 11.924447
3.134083 -17.182240
3.715669 -18.127268
-15.681979 -13.050462
-3.477989 4.654306
1.472394 -16.322834
18.721067 11.707859
7.955619 2.703152
15.303829 2.854920
6.886767 3.649382
3.306481 -18.057364
-20.314779 3.164859
-4.959873 8.494205
-7.993289 -15.105800
-12.980453 10.779193
-14.700297 5.055429
-1.582820 9.145487
-9.414700 -15.394737
6.031199 8.618027
9.964699 7.955238
-14.267660 12.031674
6.249566 3.820786
11.281165 -0.468928
-4.146142 8.638374
-4.588188 8.308064
-20.062256 4.178813
8.156557 9.937296
7.958540 10.460525
-20.305784 2.790096
-11.879780 -17.693300
3.790502 -18.206184
5.735161 6.706163
-13.817392 11.470764
-15.833659 8.768810
5.848173 8.809418
-1.982935 7.261074
16.680244 2.739966
-2.132716 7.698563
-19.936239 0.821793
-14.881812 11.558590
7.871432 1.374170
-13.319648 -12.589846
9.977635 8.082009
11.276052 11.709718
-6.398067 1.553010
7.350958 1.416889
8.303178 3.109168
-10.194139 5.610390
3.430659 -18.218035
3.755733 -18.245926
18.792305 0.046464
-11.133704 2.998702
-5.168815 7.442808
-18.120209 -14.944614
2.180408 -17.209488
-14.883492 7.042845
-16.404732 -13.532929
-4.638774 2.394398
-5.368905 -19.152327
-13.336651 -12.879435
-12.561782 6.037856
-5.369116 4.083307
19.684881 11.248091
-18.142021 -13.266773
-1.574346 6.352723
15.685555 6.280808
18.319624 0.080168
-12.696381 0.376082
-4.796224 -18.809969
-14.873070 -14.746716
-21.202732 6.972714
-19.281382 6.117057
15.689866 7.611382
11.894211 9.739843
-2.148068 6.383164
-7.978929 1.288554
16.721350 1.462726
-18.423836 -12.566253
-5.861573 -19.275003
-12.779616 6.587016
-21.384544 8.191698
-18.564489 0.735567
18.111696 12.195168
14.749048 -0.725841
-0.989257 6.835253
16.534580 1.756912
-13.949197 -14.732368
-12.278008 -12.882216
17.044704 9.199097
16.257513 -3.910836
15.747241 6.279081
-11.460636 -0.158555
-1.446802 6.596288
-7.070296 -14.390693
-5.991773 -13.620071
16.316076 11.446464
-12.297788 6.097465
-6.263037 5.078510
-6.910844 -16.922836
-17.087732 -10.700265
-1.672782 6.443863
-14.824620 -0.927418
-8.306345 0.423513
16.630764 12.136773
-17.913776 5.256883
10.307384 5.190483
-12.767960 -12.456621
10.356849 2.059589
-5.595003 -17.267107
16.489748 11.065857
13.605556 11.703815
19.151491 -4.753898
9.363805 2.235724
13.415051 -2.883036
18.899109 8.292166
-2.192658 -19.256371
19.107519 -3.023239
-9.802191 -1.139377
14.543230 11.653732
9.558567 9.853722
-15.013575 1.696839
-3.804886 -19.115381
-6.401868 -14.901707
11.463213 -0.200743
-18.668364 -0.458442
14.994567 -3.429011
-1.487142 6.511461
-17.713848 0.603777
-16.089649 2.111452
-19.718426 7.116608
13.035716 8.453194
-4.714461 -17.652100
13.572272 5.158870
-0.591516 7.028759
-3.544234 -14.802147
14.705438 -3.389630
-7.769255 1.249702
10.410190 7.759059
-18.606253 9.521744
-18.944269 3.216191
10.172782 1.551622
-15.851804 8.772876
-16.516962 5.377135
9.181501 10.500902
-1.004404 6.861003
15.603041 -1.581635
-0.958382 6.876983
-12.132382 -15.027911
-1.074614 6.807892
16.593327 1.905090
16.064045 -0.971419
10.483890 8.474840
-14.281847 10.053659
-18.104134 -13.333844
17.871567 8.030441
-0.874981 6.926907
-0.784630 7.058161
-18.966331 6.588826
12.096294 11.689147
-15.058771 -14.187929
-15.793897 7.593276
-3.843039 -18.207945
-18.802490 0.467401
-15.755305 8.240493
15.065544 -3.511407
18.726191 -3.742647
-5.163055 -17.850983
-12.636767 6.768647
15.135557 1.343000
-1.893132 6.579066
18.476776 12.157939
15.765923 11.174269
-8.142140 -16.807673
16.832293 0.658683
-12.393755 6.774938
-12.764897 9.368512
10.204856 10.926082
-10.620545 -12.972975
-1.961502 -17.989109
19.721191 7.846188
14.534887 -2.919240
-1.989416 -18.786015
15.982149 5.351696
-17.743975 -13.917504
-20.060345 3.804787
-2.917040 -16.735378
-14.006207 9.710772
-11.224425 -15.147337
12.338830 12.208263
-5.075490 8.186390
12.563164 1.344847
-4.589104 -19.149546
15.609168 5.751987
-16.981869 9.939551
-18.845160 10.196955
15.393257 4.239544
-1.638670 9.164104
10.179059 7.602382
-18.090216 -13.507752
-5.416858 8.223127
12.332590 1.833131
13.965438 6.258149
0.846322 -16.404799
-10.283634 3.210624
-17.770565 9.308646
-8.524899 6.104058
8.606565 10.447113
18.065943 8.509262
-5.539341 8.277268
9.180906 4.152886
15.880173 6.013750
14.235048 8.504712
15.500026 4.931319
-12.297817 0.738865
15.341747 0.284226
-12.590666 -17.484320
-15.925724 -16.188450
-1.391730 -14.467950
-11.159173 -13.649845
-14.062301 9.967177
-16.721048 3.418467
12.150266 1.477345
-13.003873 -16.887421
9.655979 13.300977
14.191320 6.148708
-15.024132 11.363541
18.321218 9.229604
-5.725226 8.313224
-3.292944 4.956693
-11.699310 -13.431306
0.375617 -16.267414
-16.991270 -14.699563
-3.583278 8.485048
14.370218 7.190385
-18.638531 0.751057
2.692698 -18.057837
19.927977 6.731137
-17.956165 9.214050
-0.242451 -15.943368
-15.773949 5.716973
-16.379454 -13.986773
-14.673068 10.340492
-14.318336 -15.450199
-5.941945 8.287994
13.718524 11.055600
6.859601 1.880499
18.911947 -3.846785
1.147774 -15.935767
8.753333 10.950766
-11.830142 -0.123518
-5.729049 8.603446
17.009888 -0.758030
19.037178 -5.403964
10.112243 11.300704
-13.265835 -16.642410
3.655969 -17.636652
7.656784 1.972111
-3.387276 8.150008
-13.901068 -14.270801
-14.204453 9.338489
5.128331 -0.893833
-16.706511 4.841985
7.172973 1.577201
12.878858 9.309867
-12.742199 2.886325
-16.139536 5.704452
9.628561 8.637827
17.789841 1.053359
-14.767044 11.216228
-5.886830 2.720946
14.815484 -0.700149
-17.936789 6.950891
-2.306771 -13.496235
-7.084142 -18.624538
1.120995 -19.218987
11.881731 8.562911
-1.277526 -19.316553
-16.330788 2.474298
-14.214596 6.262560
12.517432 14.295098
13.266802 -2.662685
-4.629221 6.872015
8.648222 4.022089
3.753006 -18.394400
18.465603 -5.196096
-15.783992 10.407823
19.380484 8.771911
6.017811 8.525187
-5.238505 6.163337
10.727804 10.297283
5.674586 7.764874
2.783829 -18.433084
-18.398569 10.792957
-12.197317 -12.734085
-1.171624 8.258286
-3.583124 8.361163
4.941038 6.763621
5.437809 7.725991
12.964176 9.496445
-3.695140 3.666481
-6.223113 -0.290594
18.219154 -3.305049
-2.709394 5.794058
-3.132627 6.814947
7.026311 6.366970
17.284206 1.119417
18.850313 -5.180420
1.312405 -17.257330
5.789627 7.249230
14.327212 -0.503090
-12.121828 -0.126423
-8.396428 -0.603502
6.686449 5.032669
-9.539796 -13.420518
3.315702 -18.279533
-13.129580 -13.465825
-19.291702 0.655204
-6.346498 3.804426
12.787845 13.683523
-14.127505 -13.547199
-19.353901 4.247011
3.779928 -18.083714
12.150598 14.386546
18.444248 -3.909348
14.934326 -3.213585
-5.151116 6.485544
-16.471716 1.739172
12.406240 14.139667
13.175632 8.047927
6.807340 2.607218
19.735966 9.693904
-2.636643 8.008007
-11.076571 -2.753540
-8.351984 3.185360
-3.313344 -17.588184
12.174039 13.595252
10.579787 13.104417
-11.908566 0.019438
-0.347401 -18.966595
-15.499620 11.316388
-18.095970 -12.241009
3.324094 -18.707975
-8.796397 -0.124805
0.414046 -19.262615
12.116488 14.557718
-6.493730 5.672030
9.505820 5.671393
-10.392094 -14.371451
-15.576772 9.897119
20.085939 7.210926
-7.035833 4.181078
11.324440 13.132146
-7.962262 -12.971119
14.145048 0.471987
-14.443423 12.329502
-16.139425 6.033390
16.819511 0.504611
6.336082 5.039469
14.223726 2.154018
-7.114192 -15.858169
-17.940699 -12.407762
1.095173 -18.493422
17.776972 -3.321359
-12.377170 6.419328
-14.052855 12.075068
11.750570 13.879010
-2.725849 -15.079604
-5.849614 5.664615
-9.501922 -1.469730
17.579638 9.809765
11.749777 14.153336
5.678172 6.865924
16.442854 -2.834176
-5.077766 6.920007
19.462921 -3.201092
19.699070 6.454290
3.774379 -18.348888
-18.630320 9.380254
17.413923 -2.660909
-15.815236 7.546048
-6.873426 -19.153126
-16.398752 -15.847905
-21.431767 7.231314
-9.386373 -17.131344
13.834641 9.271941
-13.532703 -16.821457
-8.174775 2.143728
14.773402 -1.182473
16.758392 0.342904
-6.184634 -19.364620
-21.455692 6.809270
15.943884 9.233225
-6.496848 3.390004
16.865156 11.089248
16.162014 -0.720576
-8.107630 2.026197
-14.087548 -15.503974
12.707648 -0.982737
-6.706912 -19.202282
16.213404 2.397451
-17.455996 3.728582
-3.768239 6.536466
-21.030989 3.497471
17.592091 3.734191
-8.287075 2.725656
17.135098 6.718953
10.849099 -0.170915
-14.294810 9.000313
-14.174240 -12.347202
-9.267381 -0.829772
13.743867 -1.402796
17.427256 11.581799
-4.868761 -18.859789
-6.288196 -18.619894
10.291725 2.383041
20.643297 10.558705
17.361607 11.491878
15.052416 1.514817
-12.342785 4.546062
-12.409745 0.955891
-18.163492 5.862506
10.803726 1.004234
-17.668377 0.526651
-7.689693 -18.060865
-14.576953 -12.657175
-8.207473 1.530302
-5.778774 3.277050
-17.006674 2.213994
-13.428596 -16.822775
-21.389969 6.912308
-13.603493 -12.740799
-7.418093 -16.762562
-14.443666 5.284301
10.622322 0.342500
-16.062416 -15.421277
-15.201010 1.886135
-20.336498 2.718281
8.361938 3.428170
9.729089 8.069543
-19.639336 8.195484
8.319557 4.390884
17.325083 11.157777
12.385512 7.622053
10.806793 1.491320
18.772926 8.595950
-18.258015 4.237592
17.462994 11.593911
19.355083 8.923715
-11.218491 -15.226909
-7.303508 -18.620176
8.583075 12.790625
-11.036302 -14.154809
11.012952 0.249746
-12.935899 3.214058
10.371652 -0.075725
19.018288 -5.630765
-7.520221 -15.197608
-1.616882 -18.751572
17.131897 -0.657335
16.053679 6.186171
-7.026505 -18.853918
20.783869 6.349985
-16.119184 3.793132
11.065472 -0.219699
-10.605906 -15.431904
12.441246 6.270143
-16.176802 2.426075
-21.152302 3.543743
-6.558168 1.836354
16.832535 -3.238697
-11.431432 -13.969931
-5.463710 -19.204542
17.735445 10.030857
-7.979328 0.265554
-9.571640 -1.795846
16.413572 -2.037225
-4.088387 -18.776596
16.497463 1.657281
18.511135 4.024123
14.905010 0.770830
-14.865891 -16.671513
-20.209291 1.785377
17.088892 3.361281
10.918517 -0.451579
-20.200068 8.664213
12.190222 -2.169124
10.850161 -0.153498
-10.788206 -16.277084
16.309950 11.131948
-8.419380 -14.480906
16.140957 -1.569956
17.971682 4.088268
-8.301375 1.596482
-17.522923 -15.218530
-8.308450 -1.427480
-8.089717 3.477946
-11.797539 9.040571
-6.066568 -15.762403
16.932001 11.180680
-7.774412 5.649859
10.672430 -0.261246
10.465905 0.098677
-18.588722 2.045423
18.841671 -5.411540
-7.814595 1.308010
-18.761303 -12.520008
-1.585730 -18.383379
-12.545904 3.531533
-17.793983 9.128239
-11.584733 -1.255772
-7.899427 -17.752258
7.900881 11.478521
-6.127849 -0.242253
-3.687066 6.820774
15.295579 6.448562
13.709082 11.602877
-19.796448 6.097023
-1.463790 8.135047
19.043943 -5.516701
-12.119205 -17.378891
-1.092893 -18.665075
-14.398815 -0.706888
8.970261 2.986865
-19.221050 4.015937
-14.990669 2.486924
-16.544237 1.233264
15.718099 11.730998
13.734024 12.330935
-0.895532 7.145055
11.710649 -1.042214
-5.418395 2.651608
0.575585 -18.809484
13.806593 13.573759
-5.923524 2.681623
-11.661758 -1.487096
16.303162 11.314921
19.684692 -1.175370
-9.356887 -14.018122
10.069455 7.853019
12.243139 4.187997
-4.711060 6.089664
19.198969 -3.332875
8.694901 4.240234
-1.772022 8.555986
-20.988251 3.391718
17.348412 5.314951
-1.739065 8.840189
-2.082680 -14.561486
3.232958 -16.289696
-18.603876 3.458658
-8.064095 2.348703
-0.067601 -13.906625
-12.341840 10.551168
12.443274 4.367975
-12.709198 10.667816
15.095897 2.500183
-17.249573 -14.173025
-13.004665 2.153480
-0.032717 -18.639896
-8.012474 4.181573
11.716747 11.331335
-1.878812 8.520609
-17.586771 6.830311
-6.174283 -11.100718
17.718399 3.921243
-15.995955 7.802923
-12.949663 9.934305
11.557936 9.145495
-17.253551 5.376841
9.527221 11.852732
11.361908 2.723353
13.413589 11.565346
17.828972 6.480473
12.153356 12.066921
-5.204836 -13.627289
-18.405571 1.712331
-0.009137 -18.638435
-6.569767 -17.743122
-18.659863 8.261037
-15.451243 4.775519
7.836357 1.981701
-0.884611 -19.116404
-20.310055 5.736051
9.856773 13.037908
15.876087 5.872931
-19.763603 1.165954
-13.366467 -16.815962
8.659593 2.874589
2.300576 -18.565287
11.799656 12.476494
9.013412 5.128463
8.214486 7.997754
8.099271 4.513331
-3.137793 8.003736
7.908819 6.778211
6.023751 5.381115
15.327409 5.335019
-1.363811 8.606973
1.440010 -18.391254
8.135320 6.220681
-17.198572 6.846306
-18.659826 0.840755
-11.448099 -13.659502
-18.578381 1.285435
-1.339737 8.275733
3.166108 -18.344393
-12.864974 -2.643636
-13.143209 9.813817
3.881043 -18.110895
8.810336 2.449910
17.494308 -0.941265
-5.772236 -17.258402
-16.746223 9.677239
-17.638474 2.822016
13.897914 8.506067
17.872818 8.319228
-4.995378 6.817042
-7.411373 -13.640802
18.916468 0.964002
-6.799091 -16.042233
10.980279 1.677878
-15.920343 2.564081
-4.853098 5.721886
16.342934 10.066947
-5.031405 7.081570
-11.626056 -17.554392
-15.206711 3.959852
-5.824469 -16.328779
-17.721373 2.489525
-21.087549 3.204113
-20.619226 4.779850
17.443783 9.255139
-5.105851 7.128226
11.219645 3.309655
21.716711 8.152111
-4.892099 4.412979
-18.088261 5.611660
-19.021177 0.454535
13.394241 8.255866
-6.419900 -13.860704
11.831180 8.909311
-14.367332 3.816749
18.986971 -5.370223
-5.302161 -15.448059
11.337147 4.032258
-16.413820 3.766023
18.544233 7.416466
-14.208550 -12.474999
-11.688524 -16.460922
-10.708176 -16.281567
-9.893122 -13.924557
20.493151 7.771705
18.118971 11.578989
-9.711544 -14.855710
19.444466 0.014344
15.425926 2.220030
12.636315 9.943760
7.959072 6.488699
-19.191772 6.545094
-15.420191 4.439836
11.931020 10.131038
-2.464283 8.831182
-2.871900 -14.763138
-18.774456 -13.395194
-3.634062 -16.257257
-10.286207 0.249926
-4.230915 -18.602236
-4.510687 4.671614
-11.346782 -0.671493
16.153976 7.744476
19.581621 7.546452
-15.646252 2.126748
-9.928806 -13.961268
8.910883 5.473990
0.438045 -19.169746
-11.103030 -16.738104
-6.017603 1.192804
11.399994 3.927842
8.789041 10.946276
-17.458162 2.544007
-5.249492 7.238051
-15.339704 4.392509
16.421507 7.772156
11.023705 3.238072
-20.069721 5.969726
18.146664 -1.382069
-12.598313 -17.412107
15.034162 -0.792248
-7.603570 -17.211592
-19.489923 0.893075
-9.075283 2.161344
18.314550 5.917368
-9.247915 2.048465
-7.259834 0.355211
-18.977880 6.086763
18.393188 1.026251
15.510484 11.919101
-14.051607 -16.820194
19.090864 6.980932
-10.179500 3.534255
-14.496689 6.156200
13.858676 5.909208
-5.209004 1.808529
15.202835 10.764121
-7.801486 -17.201660
-8.157481 -14.894832
-14.753232 3.211042
-9.868858 -13.658054
-4.881743 4.029036
15.770418 1.965303
18.056063 5.619547
-2.999471 6.090138
19.405224 -5.209928
14.881993 4.835566
-10.741816 -14.543365
15.560570 2.145596
-3.639802 4.441725
15.454967 2.858844
16.878893 -0.846489
17.904341 -0.849998
-14.081779 -12.596647
13.055781 3.371513
-8.343033 -15.062894
-6.988976 -0.082068
-11.364685 -15.709954
-16.098789 2.561205
13.500233 1.393378
13.796863 6.162609
-18.394861 5.984716
18.999592 -0.963919
-12.163688 2.367488
-13.247676 8.878530
-8.108106 2.207189
-4.050700 4.672944
14.722281 9.974852
-11.682389 -15.753796
8.814928 11.666418
-11.949553 -12.981713
-3.083100 6.043563
17.873407 -1.474794
-15.363836 2.265565
-11.944594 -15.297173
-9.166479 -14.414313
17.134361 -3.010761
-13.066105 -0.348878
-16.067747 10.064423
-10.521179 -15.063512
-14.636115 3.177368
-20.216537 2.762489
-17.277666 -0.475983
-4.859482 1.901577
10.539580 9.002183
19.293764 -3.226504
-13.663569 4.464111
15.703378 5.982266
-11.929049 -15.342342
17.120380 10.354818
-10.682355 0.135987
-5.041780 1.996830
17.099539 9.429054
-11.815844 -1.483226
12.501778 13.855072
-8.913062 -14.910120
17.806944 5.303228
10.673339 11.244677
16.787621 -1.125590
-18.515909 0.617295
-13.836181 -14.043533
17.703161 -1.518572
-17.625992 9.405120
-6.067759 3.017512
13.524608 5.981174
18.673189 -0.125378
-7.346288 -13.701856
-4.728230 1.622458
11.422297 7.625718
16.379789 0.766965
-9.564945 0.835983
-12.176453 -13.479759
-14.244381 5.602219
-14.038475 6.481087
-9.940259 -2.485710
-16.241163 -12.854198
17.081549 5.538189
-13.870434 -15.438049
17.136169 -0.794049
16.487507 5.510060
-17.251921 0.443891
16.792948 7.430180
-15.654100 0.490090
17.787809 5.602793
15.814258 8.903350
16.528111 -1.738414
11.498768 4.044405
-10.054879 -14.057226
-17.299755 2.067054
11.182658 8.420474
14.678439 5.596578
-5.271999 2.264232
15.613941 5.369937
-11.728380 -17.085630
-13.967931 5.733878
15.504378 -2.826593
-10.790536 -13.989994
-13.876320 5.650834
11.182802 7.256638
-4.218276 -15.037455
-6.391363 -18.424576
-19.843340 4.607746
-1.719130 9.038691
-15.612121 1.314662
18.408754 0.826774
18.911331 -5.519839
18.472252 12.450460
19.206120 -3.410241
-3.302437 6.133385
9.982140 -0.095083
-6.295026 -14.208887
-5.622372 1.574801
-6.603660 -16.953058
-16.238573 2.173830
-17.134275 7.258447
18.608068 8.667206
-2.275719 -19.019424
-2.987234 -15.347135
-5.787474 1.248392
-20.638186 5.346384
17.709682 12.747429
-6.170371 6.290312
19.380486 -4.598080
8.208040 0.767132
-7.234253 2.645548
-9.711599 -13.635812
16.358971 10.706882
-13.721356 -14.981328
-20.590857 4.768656
17.500433 10.162862
13.539069 -2.463693
-6.426567 1.678401
-10.583973 2.065057
-3.817173 3.937761
-15.856370 2.021484
-13.750872 -0.280302
-2.329798 -18.409685
-7.544303 6.933400
-14.823391 5.983361
15.833021 9.461397
-18.603050 -12.511768
-19.725143 -0.327576
9.907376 11.244936
-19.979912 3.778415
15.595994 -4.143101
-0.198963 -18.261019
17.758423 -3.063998
12.886008 12.186883
-1.510977 -19.024786
-19.026382 1.782942
-13.352980 3.952971
-16.142443 1.144355
-4.019586 -15.210673
8.442533 2.129597
-13.440288 0.567799
-13.067051 7.535772
-17.821386 8.022472
-20.199511 6.426885
-10.476486 -15.939185
20.957172 7.959547
-15.596663 2.229653
-17.738895 0.160054
-12.802157 -17.236797
-17.706749 5.546556
11.063647 1.289219
21.977114 7.932653
-15.254245 10.380098
-12.345172 5.933068
13.016880 12.727187
-8.164259 -13.139746
14.119081 5.991986
21.101868 10.119216
17.576708 3.965409
12.135940 -2.367791
-16.616751 11.535728
14.929089 11.269639
15.122441 12.622087
8.199435 1.167610
-9.826537 2.411977
-2.887535 -18.582104
18.136707 5.197400
-3.556568 -17.645695
-17.380508 0.144541
12.994511 12.593770
7.952811 1.668174
14.283232 6.184474
-14.259512 -14.880136
-15.003757 -13.599167
6.231022 3.230267
-16.084528 6.277798
5.716541 5.044636
-18.542343 -14.272932
-11.529267 0.172279
-17.032671 0.836219
-7.572478 -13.225529
21.808678 7.926908
13.431992 6.949013
22.010208 7.726338
-3.518454 3.683817
21.324911 8.048099
19.254662 -0.043605
9.676435 5.020843
-18.493679 -13.658512
11.011620 12.869990
-16.258587 1.971516
-15.031102 5.669141
20.204468 6.187436
-17.459007 1.479135
-7.344424 2.896829
18.481037 11.785555
-17.241875 -14.695069
-12.169802 -0.819535
-16.610765 3.409508
18.706930 -3.942039
21.408564 7.288296
-2.626580 5.763892
8.562843 12.711544
-8.123683 -15.243526
-3.521601 2.802158
17.845343 5.293405
15.192228 6.888620
20.902882 6.673120
-14.801896 -16.724155
17.226801 5.008145
-19.707439 4.179545
-2.395488 8.365268
19.363981 -0.340933
2.837102 -16.593855
4.303090 6.010321
16.257721 7.352087
-16.708807 4.511233
-17.631161 -13.859820
-18.137136 -14.678017
-12.688542 1.091896
1.261175 -15.664445
-12.528504 -14.821132
18.801048 6.214471
-13.395909 -15.979219
15.104095 6.371774
-14.801877 -12.245605
-18.596363 -13.627195
-11.574454 -13.981336
4.309270 5.298289
-18.918190 0.383787
-5.795988 1.473951
18.242565 5.621830
-18.403227 -14.030638
2.464417 -16.411655
14.262400 6.506298
20.613064 6.703904
13.016365 9.320023
-16.496223 5.464593
-17.082754 -15.203000
-19.437824 2.866191
4.309507 5.557755
-16.702202 0.933120
19.303677 -4.763636
19.698357 -2.287050
-15.893426 -14.854721
-7.983538 -16.297905
-19.233599 4.653632
-13.468753 -15.085782
-17.604717 0.111050
-16.597822 2.493447
-2.681555 -16.125204
-17.872065 4.695555
-18.733194 2.077070
-18.752157 -13.502622
18.976255 -0.265308
19.509134 -2.827628
19.475513 -0.383011
-17.575424 5.722373
-16.878757 1.081655
-19.727640 9.021050
-16.534269 2.987796
-2.149062 6.551747
1.393263 -15.554294
19.314114 -3.012566
-17.016207 -14.419494
13.427660 13.680716
-14.302541 4.591098
-12.861965 1.353986
3.933498 -17.309925
-16.581848 -14.890459
16.995939 -2.792339
19.321173 -0.827216
17.316227 4.085287
20.274260 6.755951
20.720324 9.958676
4.478126 5.554285
-16.101196 2.607020
-20.463350 3.092722
21.220675 7.027240
20.700968 6.895229
-17.083950 3.936427
19.622786 -2.062854
-1.023664 -17.674955
13.154181 11.131919
-12.149045 -15.555333
-20.621578 4.724790
-16.727173 0.765673
20.959219 6.754569
19.401785 -1.063520
-19.645962 4.162964
-8.819768 -0.592558
-13.706074 -12.952848
-12.157355 0.607873
-16.965183 5.626129
-16.496983 -15.040478
-13.942728 -15.878134
